 1.000    62.06863  
  2.000    64.46476  
  3.000    64.65578  
  4.000    64.25038  
  5.000    63.62701  
  6.000    62.91691  
  7.000    62.17505  
  8.000    61.42700  
  9.000    60.68537  
 10.000    59.95644  
 11.000    59.24331  
 12.000    58.54729  
 13.000    57.86877  
 14.000    57.20757  
 15.000    56.56325  
 16.000    55.93519  
 17.000    55.32272  
 18.000    54.72513  
 19.000    54.14172  
 20.000    53.57181  
 21.000    53.01474  
 22.000    52.46990  
 23.000    51.93670  
 24.000    51.41460  
 25.000    50.90307  
 26.000    50.40164  
 27.000    49.90985  
 28.000    49.42728  
 29.000    48.95354  
 30.000    48.48825  
 31.000    48.03107  
 32.000    47.58168  
 33.000    47.13975  
 34.000    46.70501  
 35.000    46.27719  
 36.000    45.85602  
 37.000    45.44127  
 38.000    45.03272  
 39.000    44.63013  
 40.000    44.23332  
 41.000    43.84208  
 42.000    43.45624  
 43.000    43.07562  
 44.000    42.70006  
 45.000    42.32939  
 46.000    41.96347  
 47.000    41.60216  
 48.000    41.24532  
 49.000    40.89283  
 50.000    40.54454  
 51.000    40.20036  
 52.000    39.86017  
 53.000    39.52385  
 54.000    39.19131  
 55.000    38.86244  
 56.000    38.53716  
 57.000    38.21536  
 58.000    37.89695  
 59.000    37.58187  
 60.000    37.27002  
 61.000    36.96132  
 62.000    36.65570  
 63.000    36.35309  
 64.000    36.05342  
 65.000    35.75662  
 66.000    35.46262  
 67.000    35.17136  
 68.000    34.88279  
 69.000    34.59683  
 70.000    34.31345  
 71.000    34.03257  
 72.000    33.75415  
 73.000    33.47813  
 74.000    33.20448  
 75.000    32.93312  
 76.000    32.66403  
 77.000    32.39716  
 78.000    32.13246  
 79.000    31.86989  
 80.000    31.60940  
 81.000    31.35096  
 82.000    31.09453  
 83.000    30.84007  
 84.000    30.58754  
 85.000    30.33691  
 86.000    30.08814  
 87.000    29.84120  
 88.000    29.59606  
 89.000    29.35268  
 90.000    29.11103  
 91.000    28.87108  
 92.000    28.63280  
 93.000    28.39617  
 94.000    28.16115  
 95.000    27.92772  
 96.000    27.69585  
 97.000    27.46551  
 98.000    27.23668  
 99.000    27.00933  
100.000    26.78344  
101.000    26.55899  
102.000    26.33595  
103.000    26.11430  
104.000    25.89401  
105.000    25.67508  
106.000    25.45746  
107.000    25.24115  
108.000    25.02612  
109.000    24.81236  
110.000    24.59984  
111.000    24.38855  
112.000    24.17846  
113.000    23.96956  
114.000    23.76183  
115.000    23.55526  
116.000    23.34982  
117.000    23.14550  
118.000    22.94229  
119.000    22.74016  
120.000    22.53911  
121.000    22.33911  
122.000    22.14016  
123.000    21.94223  
124.000    21.74531  
125.000    21.54939  
126.000    21.35445  
127.000    21.16049  
128.000    20.96748  
129.000    20.77542  
130.000    20.58429  
131.000    20.39407  
132.000    20.20476  
133.000    20.01635  
134.000    19.82882  
135.000    19.64216  
136.000    19.45635  
137.000    19.27140  
138.000    19.08728  
139.000    18.90398  
140.000    18.72150  
141.000    18.53982  
142.000    18.35894  
143.000    18.17884  
144.000    17.99951  
145.000    17.82095  
146.000    17.64314  
147.000    17.46607  
148.000    17.28974  
149.000    17.11413  
150.000    16.93924  
151.000    16.76506  
152.000    16.59158  
153.000    16.41878  
154.000    16.24667  
155.000    16.07523  
156.000    15.90446  
157.000    15.73434  
158.000    15.56487  
159.000    15.39605  
160.000    15.22785  
161.000    15.06028  
162.000    14.89333  
163.000    14.72699  
164.000    14.56125  
165.000    14.39611  
166.000    14.23156  
167.000    14.06759  
168.000    13.90419  
169.000    13.74137  
170.000    13.57910  
171.000    13.41739  
172.000    13.25623  
173.000    13.09561  
174.000    12.93553  
175.000    12.77598  
176.000    12.61695  
177.000    12.45843  
178.000    12.30043  
179.000    12.14294  
180.000    11.98594  
181.000    11.82944  
182.000    11.67343  
183.000    11.51790  
184.000    11.36285  
185.000    11.20827  
186.000    11.05415  
187.000    10.90050  
188.000    10.74731  
189.000    10.59456  
190.000    10.44226  
191.000    10.29040  
192.000    10.13898  
193.000     9.98799  
194.000     9.83742  
195.000     9.68728  
196.000     9.53755  
197.000     9.38823  
198.000     9.23932  
199.000     9.09082  
200.000     8.94271  
201.000     8.79499  
202.000     8.64767  
203.000     8.50073  
204.000     8.35417  
205.000     8.20799  
206.000     8.06218  
207.000     7.91674  
208.000     7.77166  
209.000     7.62694  
210.000     7.48258  
211.000     7.33857  
212.000     7.19490  
213.000     7.05158  
214.000     6.90861  
215.000     6.76596  
216.000     6.62366  
217.000     6.48168  
218.000     6.34002  
219.000     6.19869  
220.000     6.05768  
221.000     5.91698  
222.000     5.77659  
223.000     5.63651  
224.000     5.49673  
225.000     5.35725  
226.000     5.21807  
227.000     5.07919  
228.000     4.94059  
229.000     4.80229  
230.000     4.66426  
231.000     4.52652  
232.000     4.38906  
233.000     4.25187  
234.000     4.11495  
235.000     3.97830  
236.000     3.84191  
237.000     3.70579  
238.000     3.56993  
239.000     3.43432  
240.000     3.29896  
241.000     3.16386  
242.000     3.02900  
243.000     2.89439  
244.000     2.76002  
245.000     2.62589  
246.000     2.49199  
247.000     2.35833  
248.000     2.22490  
249.000     2.09170  
250.000     1.95872  
251.000     1.82596  
252.000     1.69342  
253.000     1.56110  
254.000     1.42900  
255.000     1.29710  
256.000     1.16542  
257.000     1.03394  
258.000     0.90267  
259.000     0.77160  
260.000     0.64072  
261.000     0.51005  
262.000     0.37957  
263.000     0.24928  
264.000     0.11918  
265.000    -0.01074  
266.000    -0.14047  
267.000    -0.27001  
268.000    -0.39938  
269.000    -0.52857  
270.000    -0.65758  
271.000    -0.78642  
272.000    -0.91509  
273.000    -1.04360  
274.000    -1.17193  
275.000    -1.30010  
276.000    -1.42811  
277.000    -1.55596  
278.000    -1.68365  
279.000    -1.81119  
280.000    -1.93857  
281.000    -2.06581  
282.000    -2.19289  
283.000    -2.31983  
284.000    -2.44662  
285.000    -2.57327  
286.000    -2.69978  
287.000    -2.82615  
288.000    -2.95239  
289.000    -3.07849  
290.000    -3.20446  
291.000    -3.33030  
292.000    -3.45600  
293.000    -3.58159  
294.000    -3.70705  
295.000    -3.83238  
296.000    -3.95760  
297.000    -4.08269  
298.000    -4.20767  
299.000    -4.33254  
300.000    -4.45729 
