 1.000     0.00000  
  2.000     0.00001  
  3.000     0.00003  
  4.000     0.00010  
  5.000     0.00024  
  6.000     0.00046  
  7.000     0.00079  
  8.000     0.00125  
  9.000     0.00184  
 10.000     0.00258  
 11.000     0.00356  
 12.000     0.00453  
 13.000     0.00583  
 14.000     0.00713  
 15.000     0.00876  
 16.000     0.01039  
 17.000     0.01233  
 18.000     0.01428  
 19.000     0.01652  
 20.000     0.01877  
 21.000     0.02130  
 22.000     0.02382  
 23.000     0.02661  
 24.000     0.02941  
 25.000     0.03238  
 26.000     0.03547  
 27.000     0.03873  
 28.000     0.04198  
 29.000     0.04544  
 30.000     0.04890  
 31.000     0.05266  
 32.000     0.05643  
 33.000     0.06019  
 34.000     0.06395  
 35.000     0.06771  
 36.000     0.07184  
 37.000     0.07596  
 38.000     0.08008  
 39.000     0.08421  
 40.000     0.08833  
 41.000     0.09273  
 42.000     0.09713  
 43.000     0.10153  
 44.000     0.10593  
 45.000     0.11033  
 46.000     0.11495  
 47.000     0.11957  
 48.000     0.12419  
 49.000     0.12881  
 50.000     0.13342  
 51.000     0.13821  
 52.000     0.14300  
 53.000     0.14779  
 54.000     0.15257  
 55.000     0.15736  
 56.000     0.16229  
 57.000     0.16721  
 58.000     0.17213  
 59.000     0.17706  
 60.000     0.18198  
 61.000     0.18701  
 62.000     0.19204  
 63.000     0.19707  
 64.000     0.20211  
 65.000     0.20714  
 66.000     0.21226  
 67.000     0.21738  
 68.000     0.22250  
 69.000     0.22762  
 70.000     0.23275  
 71.000     0.23795  
 72.000     0.24315  
 73.000     0.24834  
 74.000     0.25354  
 75.000     0.25874  
 76.000     0.26401  
 77.000     0.26927  
 78.000     0.27454  
 79.000     0.27981  
 80.000     0.28508  
 81.000     0.29040  
 82.000     0.29573  
 83.000     0.30106  
 84.000     0.30639  
 85.000     0.31172  
 86.000     0.31710  
 87.000     0.32249  
 88.000     0.32787  
 89.000     0.33326  
 90.000     0.33864  
 91.000     0.34408  
 92.000     0.34953  
 93.000     0.35497  
 94.000     0.36041  
 95.000     0.36585  
 96.000     0.37134  
 97.000     0.37683  
 98.000     0.38233  
 99.000     0.38782  
100.000     0.39331  
101.000     0.39887  
102.000     0.40445  
103.000     0.41002  
104.000     0.41559  
105.000     0.42115  
106.000     0.42673  
107.000     0.43230  
108.000     0.43786  
109.000     0.44342  
110.000     0.44900  
111.000     0.45465  
112.000     0.46034  
113.000     0.46601  
114.000     0.47167  
115.000     0.47734  
116.000     0.48301  
117.000     0.48868  
118.000     0.49434  
119.000     0.49999  
120.000     0.50567  
121.000     0.51142  
122.000     0.51720  
123.000     0.52297  
124.000     0.52873  
125.000     0.53449  
126.000     0.54025  
127.000     0.54602  
128.000     0.55178  
129.000     0.55753  
130.000     0.56330  
131.000     0.56914  
132.000     0.57501  
133.000     0.58086  
134.000     0.58671  
135.000     0.59256  
136.000     0.59841  
137.000     0.60427  
138.000     0.61012  
139.000     0.61595  
140.000     0.62182  
141.000     0.62774  
142.000     0.63368  
143.000     0.63961  
144.000     0.64554  
145.000     0.65147  
146.000     0.65740  
147.000     0.66334  
148.000     0.66926  
149.000     0.67519  
150.000     0.68113  
151.000     0.68711  
152.000     0.69312  
153.000     0.69912  
154.000     0.70511  
155.000     0.71111  
156.000     0.71711  
157.000     0.72311  
158.000     0.72910  
159.000     0.73510  
160.000     0.74109  
161.000     0.74713  
162.000     0.75319  
163.000     0.75924  
164.000     0.76528  
165.000     0.77133  
166.000     0.77738  
167.000     0.78342  
168.000     0.78947  
169.000     0.79551  
170.000     0.80156  
171.000     0.80764  
172.000     0.81372  
173.000     0.81981  
174.000     0.82588  
175.000     0.83196  
176.000     0.83805  
177.000     0.84413  
178.000     0.85021  
179.000     0.85628  
180.000     0.86237  
181.000     0.86846  
182.000     0.87455  
183.000     0.88064  
184.000     0.88673  
185.000     0.89282  
186.000     0.89891  
187.000     0.90500  
188.000     0.91109  
189.000     0.91719  
190.000     0.92327  
191.000     0.92935  
192.000     0.93542  
193.000     0.94150  
194.000     0.94757  
195.000     0.95365  
196.000     0.95973  
197.000     0.96580  
198.000     0.97188  
199.000     0.97795  
200.000     0.98403  
201.000     0.99008  
202.000     0.99611  
203.000     1.00214  
204.000     1.00816  
205.000     1.01419  
206.000     1.02023  
207.000     1.02628  
208.000     1.03232  
209.000     1.03835  
210.000     1.04436  
211.000     1.05034  
212.000     1.05630  
213.000     1.06226  
214.000     1.06821  
215.000     1.07417  
216.000     1.08015  
217.000     1.08613  
218.000     1.09210  
219.000     1.09806  
220.000     1.10399  
221.000     1.10988  
222.000     1.11575  
223.000     1.12160  
224.000     1.12744  
225.000     1.13330  
226.000     1.13918  
227.000     1.14506  
228.000     1.15094  
229.000     1.15680  
230.000     1.16262  
231.000     1.16839  
232.000     1.17412  
233.000     1.17984  
234.000     1.18555  
235.000     1.19128  
236.000     1.19703  
237.000     1.20279  
238.000     1.20854  
239.000     1.21426  
240.000     1.21994  
241.000     1.22556  
242.000     1.23113  
243.000     1.23668  
244.000     1.24223  
245.000     1.24779  
246.000     1.25338  
247.000     1.25898  
248.000     1.26458  
249.000     1.27014  
250.000     1.27564  
251.000     1.28107  
252.000     1.28645  
253.000     1.29180  
254.000     1.29714  
255.000     1.30250  
256.000     1.30789  
257.000     1.31330  
258.000     1.31870  
259.000     1.32406  
260.000     1.32936  
261.000     1.33457  
262.000     1.33972  
263.000     1.34483  
264.000     1.34993  
265.000     1.35506  
266.000     1.36022  
267.000     1.36541  
268.000     1.37058  
269.000     1.37570  
270.000     1.38076  
271.000     1.38572  
272.000     1.39060  
273.000     1.39545  
274.000     1.40028  
275.000     1.40514  
276.000     1.41005  
277.000     1.41497  
278.000     1.41989  
279.000     1.42475  
280.000     1.42953  
281.000     1.43420  
282.000     1.43880  
283.000     1.44334  
284.000     1.44788  
285.000     1.45244  
286.000     1.45705  
287.000     1.46169  
288.000     1.46631  
289.000     1.47088  
290.000     1.47535  
291.000     1.47971  
292.000     1.48398  
293.000     1.48819  
294.000     1.49239  
295.000     1.49662  
296.000     1.50091  
297.000     1.50522  
298.000     1.50952  
299.000     1.51376  
300.000     1.51789  
