1.000     0.00112  
  2.000     0.00566  
  3.000     0.01404  
  4.000     0.02610  
  5.000     0.04150  
  6.000     0.05989  
  7.000     0.08091  
  8.000     0.10424  
  9.000     0.12959  
 10.000     0.15671  
 11.000     0.18607  
 12.000     0.21543  
 13.000     0.24722  
 14.000     0.27901  
 15.000     0.31272  
 16.000     0.34642  
 17.000     0.38165  
 18.000     0.41688  
 19.000     0.45336  
 20.000     0.48984  
 21.000     0.52734  
 22.000     0.56484  
 23.000     0.60321  
 24.000     0.64158  
 25.000     0.68051  
 26.000     0.71979  
 27.000     0.75953  
 28.000     0.79927  
 29.000     0.83957  
 30.000     0.87987  
 31.000     0.92098  
 32.000     0.96209  
 33.000     1.00321  
 34.000     1.04432  
 35.000     1.08544  
 36.000     1.12749  
 37.000     1.16954  
 38.000     1.21159  
 39.000     1.25364  
 40.000     1.29569  
 41.000     1.33846  
 42.000     1.38123  
 43.000     1.42400  
 44.000     1.46677  
 45.000     1.50954  
 46.000     1.55285  
 47.000     1.59616  
 48.000     1.63947  
 49.000     1.68278  
 50.000     1.72609  
 51.000     1.76980  
 52.000     1.81350  
 53.000     1.85720  
 54.000     1.90090  
 55.000     1.94460  
 56.000     1.98855  
 57.000     2.03250  
 58.000     2.07645  
 59.000     2.12040  
 60.000     2.16435  
 61.000     2.20842  
 62.000     2.25249  
 63.000     2.29656  
 64.000     2.34063  
 65.000     2.38470  
 66.000     2.42876  
 67.000     2.47282  
 68.000     2.51689  
 69.000     2.56095  
 70.000     2.60502  
 71.000     2.64896  
 72.000     2.69290  
 73.000     2.73685  
 74.000     2.78079  
 75.000     2.82473  
 76.000     2.86844  
 77.000     2.91216  
 78.000     2.95587  
 79.000     2.99959  
 80.000     3.04331  
 81.000     3.08669  
 82.000     3.13008  
 83.000     3.17347  
 84.000     3.21686  
 85.000     3.26024  
 86.000     3.30322  
 87.000     3.34619  
 88.000     3.38916  
 89.000     3.43213  
 90.000     3.47510  
 91.000     3.51758  
 92.000     3.56005  
 93.000     3.60252  
 94.000     3.64500  
 95.000     3.68747  
 96.000     3.72938  
 97.000     3.77128  
 98.000     3.81319  
 99.000     3.85509  
100.000     3.89700  
101.000     3.93814  
102.000     3.97887  
103.000     4.01974  
104.000     4.06073  
105.000     4.10169  
106.000     4.14260  
107.000     4.18346  
108.000     4.22446  
109.000     4.26562  
110.000     4.30633  
111.000     4.34604  
112.000     4.38528  
113.000     4.42470  
114.000     4.46424  
115.000     4.50376  
116.000     4.54320  
117.000     4.58261  
118.000     4.62216  
119.000     4.66189  
120.000     4.70112  
121.000     4.73927  
122.000     4.77692  
123.000     4.81474  
124.000     4.85271  
125.000     4.89065  
126.000     4.92851  
127.000     4.96634  
128.000     5.00431  
129.000     5.04247  
130.000     5.08011  
131.000     5.11662  
132.000     5.15261  
133.000     5.18878  
134.000     5.22511  
135.000     5.26139  
136.000     5.29760  
137.000     5.33378  
138.000     5.37010  
139.000     5.40662  
140.000     5.44260  
141.000     5.47745  
142.000     5.51177  
143.000     5.54628  
144.000     5.58094  
145.000     5.61557  
146.000     5.65011  
147.000     5.68463  
148.000     5.71929  
149.000     5.75413  
150.000     5.78845  
151.000     5.82166  
152.000     5.85435  
153.000     5.88723  
154.000     5.92025  
155.000     5.95324  
156.000     5.98615  
157.000     6.01903  
158.000     6.05194  
159.000     6.08500  
160.000     6.11795  
161.000     6.14966  
162.000     6.18071  
163.000     6.21200  
164.000     6.24347  
165.000     6.27489  
166.000     6.30623  
167.000     6.33754  
168.000     6.36899  
169.000     6.40060  
170.000     6.43175  
171.000     6.46189  
172.000     6.49156  
173.000     6.52140  
174.000     6.55137  
175.000     6.58131  
176.000     6.61119  
177.000     6.64103  
178.000     6.67100  
179.000     6.70112  
180.000     6.73081  
181.000     6.75958  
182.000     6.78791  
183.000     6.81640  
184.000     6.84502  
185.000     6.87360  
186.000     6.90212  
187.000     6.93061  
188.000     6.95922  
189.000     6.98796  
190.000     7.01632  
191.000     7.04384  
192.000     7.07098  
193.000     7.09826  
194.000     7.12564  
195.000     7.15300  
196.000     7.18030  
197.000     7.20760  
198.000     7.23497  
199.000     7.26240  
200.000     7.28963  
201.000     7.31638  
202.000     7.34272  
203.000     7.36882  
204.000     7.39483  
205.000     7.42092  
206.000     7.44720  
207.000     7.47359  
208.000     7.49997  
209.000     7.52622  
210.000     7.55222  
211.000     7.57788  
212.000     7.60327  
213.000     7.62851  
214.000     7.65369  
215.000     7.67894  
216.000     7.70432  
217.000     7.72978  
218.000     7.75521  
219.000     7.78054  
220.000     7.80565  
221.000     7.83050  
222.000     7.85513  
223.000     7.87963  
224.000     7.90409  
225.000     7.92860  
226.000     7.95322  
227.000     7.97789  
228.000     8.00256  
229.000     8.02713  
230.000     8.05154  
231.000     8.07574  
232.000     8.09977  
233.000     8.12370  
234.000     8.14760  
235.000     8.17153  
236.000     8.19554  
237.000     8.21960  
238.000     8.24365  
239.000     8.26764  
240.000     8.29151  
241.000     8.31523  
242.000     8.33882  
243.000     8.36234  
244.000     8.38583  
245.000     8.40934  
246.000     8.43291  
247.000     8.45651  
248.000     8.48011  
249.000     8.50368  
250.000     8.52717  
251.000     8.55056  
252.000     8.57388  
253.000     8.59714  
254.000     8.62038  
255.000     8.64363  
256.000     8.66692  
257.000     8.69023  
258.000     8.71354  
259.000     8.73683  
260.000     8.76010  
261.000     8.78332  
262.000     8.80651  
263.000     8.82967  
264.000     8.85282  
265.000     8.87597  
266.000     8.89912  
267.000     8.92228  
268.000     8.94546  
269.000     8.96864  
270.000     8.99183  
271.000     9.01504  
272.000     9.03825  
273.000     9.06146  
274.000     9.08466  
275.000     9.10784  
276.000     9.13102  
277.000     9.15419  
278.000     9.17737  
279.000     9.20059  
280.000     9.22386  
281.000     9.24718  
282.000     9.27056  
283.000     9.29395  
284.000     9.31735  
285.000     9.34072  
286.000     9.36405  
287.000     9.38737  
288.000     9.41071  
289.000     9.43410  
290.000     9.45758  
291.000     9.48117  
292.000     9.50484  
293.000     9.52856  
294.000     9.55228  
295.000     9.57596  
296.000     9.59959  
297.000     9.62319  
298.000     9.64682  
299.000     9.67052  
300.000     9.69434  
