  1.000    -0.00008  
  2.000    -0.00072  
  3.000    -0.00252  
  4.000    -0.00589  
  5.000    -0.01108  
  6.000    -0.01820  
  7.000    -0.02729  
  8.000    -0.03831  
  9.000    -0.05116  
 10.000    -0.06575  
 11.000    -0.08196  
 12.000    -0.09966  
 13.000    -0.11872  
 14.000    -0.13903  
 15.000    -0.16045  
 16.000    -0.18289  
 17.000    -0.20623  
 18.000    -0.23036  
 19.000    -0.25521  
 20.000    -0.28068  
 21.000    -0.30670  
 22.000    -0.33318  
 23.000    -0.36007  
 24.000    -0.38730  
 25.000    -0.41481  
 26.000    -0.44256  
 27.000    -0.47050  
 28.000    -0.49859  
 29.000    -0.52677  
 30.000    -0.55503  
 31.000    -0.58332  
 32.000    -0.61162  
 33.000    -0.63990  
 34.000    -0.66814  
 35.000    -0.69631  
 36.000    -0.72439  
 37.000    -0.75237  
 38.000    -0.78022  
 39.000    -0.80794  
 40.000    -0.83551  
 41.000    -0.86291  
 42.000    -0.89014  
 43.000    -0.91719  
 44.000    -0.94405  
 45.000    -0.97070  
 46.000    -0.99714  
 47.000    -1.02338  
 48.000    -1.04939  
 49.000    -1.07518  
 50.000    -1.10074  
 51.000    -1.12607  
 52.000    -1.15117  
 53.000    -1.17603  
 54.000    -1.20064  
 55.000    -1.22502  
 56.000    -1.24916  
 57.000    -1.27305  
 58.000    -1.29670  
 59.000    -1.32011  
 60.000    -1.34327  
 61.000    -1.36620  
 62.000    -1.38887  
 63.000    -1.41131  
 64.000    -1.43350  
 65.000    -1.45545  
 66.000    -1.47717  
 67.000    -1.49865  
 68.000    -1.51988  
 69.000    -1.54089  
 70.000    -1.56167  
 71.000    -1.58221  
 72.000    -1.60252  
 73.000    -1.62261  
 74.000    -1.64248  
 75.000    -1.66212  
 76.000    -1.68155  
 77.000    -1.70075  
 78.000    -1.71974  
 79.000    -1.73852  
 80.000    -1.75710  
 81.000    -1.77546  
 82.000    -1.79362  
 83.000    -1.81158  
 84.000    -1.82934  
 85.000    -1.84690  
 86.000    -1.86427  
 87.000    -1.88146  
 88.000    -1.89845  
 89.000    -1.91526  
 90.000    -1.93189  
 91.000    -1.94834  
 92.000    -1.96461  
 93.000    -1.98071  
 94.000    -1.99664  
 95.000    -2.01240  
 96.000    -2.02800  
 97.000    -2.04344  
 98.000    -2.05872  
 99.000    -2.07384  
100.000    -2.08881  
101.000    -2.10363  
102.000    -2.11830  
103.000    -2.13283  
104.000    -2.14721  
105.000    -2.16146  
106.000    -2.17557  
107.000    -2.18955  
108.000    -2.20340  
109.000    -2.21712  
110.000    -2.23072  
111.000    -2.24419  
112.000    -2.25754  
113.000    -2.27078  
114.000    -2.28390  
115.000    -2.29691  
116.000    -2.30982  
117.000    -2.32262  
118.000    -2.33531  
119.000    -2.34790  
120.000    -2.36040  
121.000    -2.37280  
122.000    -2.38511  
123.000    -2.39733  
124.000    -2.40945  
125.000    -2.42150  
126.000    -2.43346  
127.000    -2.44534  
128.000    -2.45714  
129.000    -2.46887  
130.000    -2.48052  
131.000    -2.49211  
132.000    -2.50362  
133.000    -2.51507  
134.000    -2.52645  
135.000    -2.53778  
136.000    -2.54904  
137.000    -2.56025  
138.000    -2.57140  
139.000    -2.58250  
140.000    -2.59355  
141.000    -2.60455  
142.000    -2.61550  
143.000    -2.62641  
144.000    -2.63728  
145.000    -2.64811  
146.000    -2.65890  
147.000    -2.66965  
148.000    -2.68038  
149.000    -2.69107  
150.000    -2.70173  
151.000    -2.71236  
152.000    -2.72297  
153.000    -2.73355  
154.000    -2.74411  
155.000    -2.75465  
156.000    -2.76517  
157.000    -2.77568  
158.000    -2.78617  
159.000    -2.79665  
160.000    -2.80712  
161.000    -2.81757  
162.000    -2.82802  
163.000    -2.83847  
164.000    -2.84891  
165.000    -2.85935  
166.000    -2.86979  
167.000    -2.88022  
168.000    -2.89067  
169.000    -2.90111  
170.000    -2.91156  
171.000    -2.92202  
172.000    -2.93249  
173.000    -2.94297  
174.000    -2.95346  
175.000    -2.96396  
176.000    -2.97449  
177.000    -2.98502  
178.000    -2.99558  
179.000    -3.00615  
180.000    -3.01674  
181.000    -3.02736  
182.000    -3.03800  
183.000    -3.04867  
184.000    -3.05936  
185.000    -3.07008  
186.000    -3.08082  
187.000    -3.09160  
188.000    -3.10241  
189.000    -3.11325  
190.000    -3.12413  
191.000    -3.13504  
192.000    -3.14599  
193.000    -3.15697  
194.000    -3.16799  
195.000    -3.17906  
196.000    -3.19016  
197.000    -3.20131  
198.000    -3.21250  
199.000    -3.22373  
200.000    -3.23501  
201.000    -3.24634  
202.000    -3.25771  
203.000    -3.26913  
204.000    -3.28060  
205.000    -3.29212  
206.000    -3.30370  
207.000    -3.31532  
208.000    -3.32700  
209.000    -3.33874  
210.000    -3.35053  
211.000    -3.36237  
212.000    -3.37428  
213.000    -3.38624  
214.000    -3.39826  
215.000    -3.41034  
216.000    -3.42248  
217.000    -3.43469  
218.000    -3.44695  
219.000    -3.45928  
220.000    -3.47167  
221.000    -3.48413  
222.000    -3.49665  
223.000    -3.50924  
224.000    -3.52190  
225.000    -3.53462  
226.000    -3.54741  
227.000    -3.56028  
228.000    -3.57321  
229.000    -3.58621  
230.000    -3.59929  
231.000    -3.61243  
232.000    -3.62565  
233.000    -3.63894  
234.000    -3.65231  
235.000    -3.66575  
236.000    -3.67927  
237.000    -3.69286  
238.000    -3.70653  
239.000    -3.72028  
240.000    -3.73410  
241.000    -3.74800  
242.000    -3.76199  
243.000    -3.77605  
244.000    -3.79019  
245.000    -3.80441  
246.000    -3.81871  
247.000    -3.83309  
248.000    -3.84755  
249.000    -3.86210  
250.000    -3.87673  
251.000    -3.89144  
252.000    -3.90623  
253.000    -3.92111  
254.000    -3.93608  
255.000    -3.95112  
256.000    -3.96626  
257.000    -3.98147  
258.000    -3.99678  
259.000    -4.01217  
260.000    -4.02764  
261.000    -4.04321  
262.000    -4.05886  
263.000    -4.07459  
264.000    -4.09042  
265.000    -4.10633  
266.000    -4.12234  
267.000    -4.13843  
268.000    -4.15461  
269.000    -4.17088  
270.000    -4.18724  
271.000    -4.20369  
272.000    -4.22023  
273.000    -4.23686  
274.000    -4.25358  
275.000    -4.27039  
276.000    -4.28729  
277.000    -4.30429  
278.000    -4.32138  
279.000    -4.33856  
280.000    -4.35583  
281.000    -4.37319  
282.000    -4.39065  
283.000    -4.40820  
284.000    -4.42584  
285.000    -4.44358  
286.000    -4.46141  
287.000    -4.47933  
288.000    -4.49735  
289.000    -4.51546  
290.000    -4.53366  
291.000    -4.55196  
292.000    -4.57035  
293.000    -4.58884  
294.000    -4.60742  
295.000    -4.62610  
296.000    -4.64486  
297.000    -4.66373  
298.000    -4.68269  
299.000    -4.70174  
300.000    -4.72089  
