 1.000     0.00000  
  2.000     0.00004  
  3.000     0.00019  
  4.000     0.00057  
  5.000     0.00129  
  6.000     0.00249  
  7.000     0.00424  
  8.000     0.00664  
  9.000     0.00976  
 10.000     0.01363  
 11.000     0.01831  
 12.000     0.02381  
 13.000     0.03015  
 14.000     0.03734  
 15.000     0.04537  
 16.000     0.05425  
 17.000     0.06395  
 18.000     0.07446  
 19.000     0.08578  
 20.000     0.09786  
 21.000     0.11071  
 22.000     0.12429  
 23.000     0.13858  
 24.000     0.15356  
 25.000     0.16920  
 26.000     0.18549  
 27.000     0.20239  
 28.000     0.21989  
 29.000     0.23797  
 30.000     0.25659  
 31.000     0.27574  
 32.000     0.29540  
 33.000     0.31555  
 34.000     0.33616  
 35.000     0.35723  
 36.000     0.37872  
 37.000     0.40062  
 38.000     0.42292  
 39.000     0.44560  
 40.000     0.46864  
 41.000     0.49202  
 42.000     0.51574  
 43.000     0.53977  
 44.000     0.56410  
 45.000     0.58873  
 46.000     0.61363  
 47.000     0.63880  
 48.000     0.66422  
 49.000     0.68988  
 50.000     0.71578  
 51.000     0.74189  
 52.000     0.76822  
 53.000     0.79474  
 54.000     0.82146  
 55.000     0.84836  
 56.000     0.87543  
 57.000     0.90268  
 58.000     0.93007  
 59.000     0.95762  
 60.000     0.98532  
 61.000     1.01315  
 62.000     1.04111  
 63.000     1.06919  
 64.000     1.09739  
 65.000     1.12570  
 66.000     1.15412  
 67.000     1.18264  
 68.000     1.21125  
 69.000     1.23995  
 70.000     1.26874  
 71.000     1.29760  
 72.000     1.32655  
 73.000     1.35556  
 74.000     1.38464  
 75.000     1.41379  
 76.000     1.44299  
 77.000     1.47225  
 78.000     1.50157  
 79.000     1.53093  
 80.000     1.56033  
 81.000     1.58978  
 82.000     1.61927  
 83.000     1.64879  
 84.000     1.67835  
 85.000     1.70794  
 86.000     1.73755  
 87.000     1.76720  
 88.000     1.79686  
 89.000     1.82654  
 90.000     1.85625  
 91.000     1.88597  
 92.000     1.91570  
 93.000     1.94545  
 94.000     1.97520  
 95.000     2.00496  
 96.000     2.03473  
 97.000     2.06451  
 98.000     2.09429  
 99.000     2.12406  
100.000     2.15384  
101.000     2.18361  
102.000     2.21339  
103.000     2.24315  
104.000     2.27291  
105.000     2.30266  
106.000     2.33240  
107.000     2.36213  
108.000     2.39185  
109.000     2.42156  
110.000     2.45125  
111.000     2.48093  
112.000     2.51059  
113.000     2.54024  
114.000     2.56987  
115.000     2.59947  
116.000     2.62906  
117.000     2.65863  
118.000     2.68817  
119.000     2.71770  
120.000     2.74720  
121.000     2.77667  
122.000     2.80612  
123.000     2.83555  
124.000     2.86495  
125.000     2.89432  
126.000     2.92366  
127.000     2.95298  
128.000     2.98226  
129.000     3.01152  
130.000     3.04074  
131.000     3.06994  
132.000     3.09910  
133.000     3.12823  
134.000     3.15733  
135.000     3.18639  
136.000     3.21543  
137.000     3.24442  
138.000     3.27338  
139.000     3.30231  
140.000     3.33120  
141.000     3.36006  
142.000     3.38888  
143.000     3.41766  
144.000     3.44641  
145.000     3.47511  
146.000     3.50378  
147.000     3.53241  
148.000     3.56101  
149.000     3.58956  
150.000     3.61807  
151.000     3.64654  
152.000     3.67498  
153.000     3.70337  
154.000     3.73172  
155.000     3.76003  
156.000     3.78830  
157.000     3.81652  
158.000     3.84471  
159.000     3.87285  
160.000     3.90095  
161.000     3.92900  
162.000     3.95702  
163.000     3.98499  
164.000     4.01291  
165.000     4.04079  
166.000     4.06863  
167.000     4.09642  
168.000     4.12417  
169.000     4.15188  
170.000     4.17954  
171.000     4.20715  
172.000     4.23472  
173.000     4.26224  
174.000     4.28972  
175.000     4.31715  
176.000     4.34454  
177.000     4.37188  
178.000     4.39917  
179.000     4.42642  
180.000     4.45361  
181.000     4.48077  
182.000     4.50787  
183.000     4.53493  
184.000     4.56193  
185.000     4.58889  
186.000     4.61581  
187.000     4.64267  
188.000     4.66948  
189.000     4.69625  
190.000     4.72297  
191.000     4.74963  
192.000     4.77625  
193.000     4.80282  
194.000     4.82934  
195.000     4.85581  
196.000     4.88223  
197.000     4.90860  
198.000     4.93492  
199.000     4.96119  
200.000     4.98741  
201.000     5.01358  
202.000     5.03970  
203.000     5.06576  
204.000     5.09178  
205.000     5.11775  
206.000     5.14366  
207.000     5.16952  
208.000     5.19534  
209.000     5.22110  
210.000     5.24680  
211.000     5.27246  
212.000     5.29807  
213.000     5.32362  
214.000     5.34912  
215.000     5.37457  
216.000     5.39997  
217.000     5.42531  
218.000     5.45060  
219.000     5.47584  
220.000     5.50102  
221.000     5.52616  
222.000     5.55124  
223.000     5.57626  
224.000     5.60124  
225.000     5.62616  
226.000     5.65102  
227.000     5.67584  
228.000     5.70059  
229.000     5.72530  
230.000     5.74995  
231.000     5.77455  
232.000     5.79909  
233.000     5.82358  
234.000     5.84802  
235.000     5.87240  
236.000     5.89673  
237.000     5.92100  
238.000     5.94522  
239.000     5.96939  
240.000     5.99350  
241.000     6.01755  
242.000     6.04155  
243.000     6.06550  
244.000     6.08938  
245.000     6.11322  
246.000     6.13700  
247.000     6.16072  
248.000     6.18439  
249.000     6.20800  
250.000     6.23156  
251.000     6.25506  
252.000     6.27850  
253.000     6.30189  
254.000     6.32522  
255.000     6.34849  
256.000     6.37171  
257.000     6.39487  
258.000     6.41798  
259.000     6.44103  
260.000     6.46402  
261.000     6.48695  
262.000     6.50983  
263.000     6.53265  
264.000     6.55542  
265.000     6.57812  
266.000     6.60077  
267.000     6.62337  
268.000     6.64590  
269.000     6.66838  
270.000     6.69080  
271.000     6.71316  
272.000     6.73547  
273.000     6.75772  
274.000     6.77991  
275.000     6.80205  
276.000     6.82412  
277.000     6.84614  
278.000     6.86810  
279.000     6.89001  
280.000     6.91185  
281.000     6.93364  
282.000     6.95537  
283.000     6.97704  
284.000     6.99866  
285.000     7.02021  
286.000     7.04171  
287.000     7.06315  
288.000     7.08453  
289.000     7.10585  
290.000     7.12712  
291.000     7.14832  
292.000     7.16947  
293.000     7.19056  
294.000     7.21159  
295.000     7.23256  
296.000     7.25347  
297.000     7.27432  
298.000     7.29511  
299.000     7.31585  
300.000     7.33652  
