  1.000     0.00598  
  2.000     0.03021  
  3.000     0.07493  
  4.000     0.13940  
  5.000     0.22202  
  6.000     0.32095  
  7.000     0.43442  
  8.000     0.56076  
  9.000     0.69848  
 10.000     0.84624  
 11.000     1.00285  
 12.000     1.16728  
 13.000     1.33859  
 14.000     1.51597  
 15.000     1.69869  
 16.000     1.88613  
 17.000     2.07770  
 18.000     2.27290  
 19.000     2.47128  
 20.000     2.67244  
 21.000     2.87601  
 22.000     3.08165  
 23.000     3.28909  
 24.000     3.49805  
 25.000     3.70829  
 26.000     3.91958  
 27.000     4.13174  
 28.000     4.34457  
 29.000     4.55792  
 30.000     4.77163  
 31.000     4.98555  
 32.000     5.19956  
 33.000     5.41355  
 34.000     5.62739  
 35.000     5.84100  
 36.000     6.05428  
 37.000     6.26714  
 38.000     6.47950  
 39.000     6.69128  
 40.000     6.90243  
 41.000     7.11287  
 42.000     7.32254  
 43.000     7.53139  
 44.000     7.73936  
 45.000     7.94641  
 46.000     8.15249  
 47.000     8.35756  
 48.000     8.56158  
 49.000     8.76451  
 50.000     8.96632  
 51.000     9.16698  
 52.000     9.36644  
 53.000     9.56470  
 54.000     9.76171  
 55.000     9.95746  
 56.000    10.15193  
 57.000    10.34508  
 58.000    10.53690  
 59.000    10.72738  
 60.000    10.91649  
 61.000    11.10422  
 62.000    11.29055  
 63.000    11.47547  
 64.000    11.65897  
 65.000    11.84104  
 66.000    12.02166  
 67.000    12.20083  
 68.000    12.37854  
 69.000    12.55477  
 70.000    12.72953  
 71.000    12.90280  
 72.000    13.07458  
 73.000    13.24487  
 74.000    13.41366  
 75.000    13.58095  
 76.000    13.74673  
 77.000    13.91100  
 78.000    14.07377  
 79.000    14.23502  
 80.000    14.39476  
 81.000    14.55300  
 82.000    14.70972  
 83.000    14.86493  
 84.000    15.01863  
 85.000    15.17083  
 86.000    15.32152  
 87.000    15.47071  
 88.000    15.61840  
 89.000    15.76459  
 90.000    15.90929  
 91.000    16.05251  
 92.000    16.19424  
 93.000    16.33449  
 94.000    16.47326  
 95.000    16.61057  
 96.000    16.74641  
 97.000    16.88080  
 98.000    17.01373  
 99.000    17.14522  
100.000    17.27527  
101.000    17.40389  
102.000    17.53108  
103.000    17.65685  
104.000    17.78121  
105.000    17.90417  
106.000    18.02573  
107.000    18.14591  
108.000    18.26470  
109.000    18.38212  
110.000    18.49817  
111.000    18.61288  
112.000    18.72623  
113.000    18.83824  
114.000    18.94892  
115.000    19.05829  
116.000    19.16634  
117.000    19.27308  
118.000    19.37853  
119.000    19.48270  
120.000    19.58559  
121.000    19.68721  
122.000    19.78758  
123.000    19.88670  
124.000    19.98457  
125.000    20.08122  
126.000    20.17665  
127.000    20.27086  
128.000    20.36388  
129.000    20.45571  
130.000    20.54635  
131.000    20.63582  
132.000    20.72413  
133.000    20.81128  
134.000    20.89729  
135.000    20.98217  
136.000    21.06592  
137.000    21.14856  
138.000    21.23009  
139.000    21.31052  
140.000    21.38988  
141.000    21.46815  
142.000    21.54536  
143.000    21.62151  
144.000    21.69661  
145.000    21.77068  
146.000    21.84371  
147.000    21.91573  
148.000    21.98674  
149.000    22.05675  
150.000    22.12576  
151.000    22.19379  
152.000    22.26085  
153.000    22.32695  
154.000    22.39210  
155.000    22.45629  
156.000    22.51956  
157.000    22.58189  
158.000    22.64331  
159.000    22.70382  
160.000    22.76343  
161.000    22.82214  
162.000    22.87998  
163.000    22.93694  
164.000    22.99303  
165.000    23.04828  
166.000    23.10267  
167.000    23.15622  
168.000    23.20894  
169.000    23.26085  
170.000    23.31193  
171.000    23.36222  
172.000    23.41170  
173.000    23.46040  
174.000    23.50831  
175.000    23.55545  
176.000    23.60183  
177.000    23.64745  
178.000    23.69233  
179.000    23.73646  
180.000    23.77986  
181.000    23.82253  
182.000    23.86448  
183.000    23.90573  
184.000    23.94627  
185.000    23.98612  
186.000    24.02528  
187.000    24.06376  
188.000    24.10157  
189.000    24.13871  
190.000    24.17519  
191.000    24.21102  
192.000    24.24620  
193.000    24.28075  
194.000    24.31467  
195.000    24.34797  
196.000    24.38065  
197.000    24.41271  
198.000    24.44418  
199.000    24.47505  
200.000    24.50533  
201.000    24.53502  
202.000    24.56414  
203.000    24.59269  
204.000    24.62067  
205.000    24.64810  
206.000    24.67497  
207.000    24.70130  
208.000    24.72709  
209.000    24.75235  
210.000    24.77708  
211.000    24.80129  
212.000    24.82498  
213.000    24.84816  
214.000    24.87084  
215.000    24.89302  
216.000    24.91471  
217.000    24.93592  
218.000    24.95664  
219.000    24.97688  
220.000    24.99666  
221.000    25.01597  
222.000    25.03482  
223.000    25.05322  
224.000    25.07117  
225.000    25.08867  
226.000    25.10574  
227.000    25.12237  
228.000    25.13858  
229.000    25.15436  
230.000    25.16973  
231.000    25.18468  
232.000    25.19922  
233.000    25.21336  
234.000    25.22710  
235.000    25.24044  
236.000    25.25340  
237.000    25.26597  
238.000    25.27816  
239.000    25.28998  
240.000    25.30142  
241.000    25.31250  
242.000    25.32322  
243.000    25.33357  
244.000    25.34357  
245.000    25.35323  
246.000    25.36254  
247.000    25.37150  
248.000    25.38013  
249.000    25.38843  
250.000    25.39640  
251.000    25.40404  
252.000    25.41136  
253.000    25.41837  
254.000    25.42506  
255.000    25.43144  
256.000    25.43752  
257.000    25.44329  
258.000    25.44877  
259.000    25.45395  
260.000    25.45885  
261.000    25.46345  
262.000    25.46778  
263.000    25.47182  
264.000    25.47558  
265.000    25.47908  
266.000    25.48230  
267.000    25.48526  
268.000    25.48795  
269.000    25.49039  
270.000    25.49257  
271.000    25.49450  
272.000    25.49618  
273.000    25.49761  
274.000    25.49880  
275.000    25.49975  
276.000    25.50046  
277.000    25.50094  
278.000    25.50118  
279.000    25.50120  
280.000    25.50100  
281.000    25.50057  
282.000    25.49993  
283.000    25.49907  
284.000    25.49799  
285.000    25.49671  
286.000    25.49521  
287.000    25.49352  
288.000    25.49162  
289.000    25.48952  
290.000    25.48722  
291.000    25.48473  
292.000    25.48205  
293.000    25.47918  
294.000    25.47613  
295.000    25.47289  
296.000    25.46947  
297.000    25.46587  
298.000    25.46209  
299.000    25.45814  
300.000    25.45402  
