 1.000     0.00000   0.00000     0.00000  
  2.000     0.00000    0.00000    -0.00001 
  3.000     0.00001    0.00000    -0.00004 
  4.000     0.00004    0.00000    -0.00012 
  5.000     0.00009    0.00001    -0.00027 
  6.000     0.00018    0.00001    -0.00053 
  7.000     0.00031    0.00002    -0.00091 
  8.000     0.00049    0.00004    -0.00144 
  9.000     0.00073    0.00007    -0.00213 
 10.000     0.00104    0.00011    -0.00299 
 11.000     0.00146    0.00016    -0.00415 
 12.000     0.00188    0.00022    -0.00530 
 13.000     0.00248    0.00031    -0.00684 
 14.000     0.00307    0.00040    -0.00839 
 15.000     0.00384    0.00052    -0.01034 
 16.000     0.00462    0.00065    -0.01229 
 17.000     0.00560    0.00082    -0.01463 
 18.000     0.00657    0.00099    -0.01698 
 19.000     0.00775    0.00120    -0.01970 
 20.000     0.00893    0.00142    -0.02243 
 21.000     0.01033    0.00168    -0.02552 
 22.000     0.01172    0.00194    -0.02861 
 23.000     0.01334    0.00226    -0.03204 
 24.000     0.01495    0.00258    -0.03548 
 25.000     0.01673    0.00293    -0.03915 
 26.000     0.01863    0.00331    -0.04298 
 27.000     0.02069    0.00374    -0.04702 
 28.000     0.02275    0.00416    -0.05107 
 29.000     0.02504    0.00464    -0.05539 
 30.000     0.02732    0.00511    -0.05971 
 31.000     0.03000    0.00569    -0.06444 
 32.000     0.03269    0.00626    -0.06918 
 33.000     0.03537    0.00683    -0.07391 
 34.000     0.03805    0.00740    -0.07865 
 35.000     0.04073    0.00797    -0.08339 
 36.000     0.04398    0.00868    -0.08862 
 37.000     0.04723    0.00938    -0.09385 
 38.000     0.05047    0.01009    -0.09908 
 39.000     0.05372    0.01079    -0.10432 
 40.000     0.05697    0.01149    -0.10955 
 41.000     0.06077    0.01232    -0.11517 
 42.000     0.06457    0.01315    -0.12079 
 43.000     0.06838    0.01398    -0.12641 
 44.000     0.07218    0.01481    -0.13203 
 45.000     0.07599    0.01564    -0.13765 
 46.000     0.08034    0.01659    -0.14357 
 47.000     0.08469    0.01753    -0.14949 
 48.000     0.08905    0.01848    -0.15540 
 49.000     0.09340    0.01943    -0.16132 
 50.000     0.09775    0.02038    -0.16724 
 51.000     0.10264    0.02143    -0.17339 
 52.000     0.10753    0.02249    -0.17953 
 53.000     0.11242    0.02354    -0.18567 
 54.000     0.11732    0.02460    -0.19181 
 55.000     0.12221    0.02565    -0.19796 
 56.000     0.12762    0.02681    -0.20426 
 57.000     0.13304    0.02796    -0.21057 
 58.000     0.13845    0.02912    -0.21688 
 59.000     0.14387    0.03027    -0.22319 
 60.000     0.14928    0.03143    -0.22949 
 61.000     0.15521    0.03268    -0.23592 
 62.000     0.16113    0.03392    -0.24234 
 63.000     0.16706    0.03517    -0.24876 
 64.000     0.17298    0.03642    -0.25519 
 65.000     0.17891    0.03767    -0.26161 
 66.000     0.18533    0.03900    -0.26811 
 67.000     0.19176    0.04033    -0.27461 
 68.000     0.19818    0.04166    -0.28111 
 69.000     0.20460    0.04299    -0.28761 
 70.000     0.21102    0.04433    -0.29411 
 71.000     0.21793    0.04574    -0.30065 
 72.000     0.22483    0.04714    -0.30720 
 73.000     0.23173    0.04855    -0.31374 
 74.000     0.23864    0.04996    -0.32029 
 75.000     0.24554    0.05137    -0.32683 
 76.000     0.25291    0.05285    -0.33339 
 77.000     0.26028    0.05433    -0.33995 
 78.000     0.26765    0.05581    -0.34652 
 79.000     0.27502    0.05729    -0.35308 
 80.000     0.28239    0.05877    -0.35964 
 81.000     0.29020    0.06031    -0.36620 
 82.000     0.29802    0.06185    -0.37276 
 83.000     0.30584    0.06340    -0.37932 
 84.000     0.31366    0.06494    -0.38588 
 85.000     0.32147    0.06648    -0.39244 
 86.000     0.32972    0.06808    -0.39897 
 87.000     0.33797    0.06968    -0.40551 
 88.000     0.34622    0.07129    -0.41205 
 89.000     0.35447    0.07289    -0.41859 
 90.000     0.36271    0.07449    -0.42513 
 91.000     0.37138    0.07614    -0.43163 
 92.000     0.38004    0.07780    -0.43813 
 93.000     0.38870    0.07945    -0.44464 
 94.000     0.39736    0.08111    -0.45114 
 95.000     0.40602    0.08276    -0.45764 
 96.000     0.41508    0.08446    -0.46410 
 97.000     0.42414    0.08617    -0.47056 
 98.000     0.43319    0.08787    -0.47701 
 99.000     0.44225    0.08957    -0.48347 
100.000     0.45131    0.09128    -0.48993 
101.000     0.46081    0.09303    -0.49631 
102.000     0.47054    0.09482    -0.50266 
103.000     0.48019    0.09659    -0.50903 
104.000     0.48977    0.09836    -0.51540 
105.000     0.49937    0.10013    -0.52177 
106.000     0.50900    0.10190    -0.52814 
107.000     0.51864    0.10367    -0.53450 
108.000     0.52823    0.10544    -0.54087 
109.000     0.53773    0.10719    -0.54726 
110.000     0.54746    0.10898    -0.55361 
111.000     0.55764    0.11081    -0.55986 
112.000     0.56805    0.11266    -0.56606 
113.000     0.57837    0.11451    -0.57228 
114.000     0.58864    0.11635    -0.57852 
115.000     0.59892    0.11820    -0.58475 
116.000     0.60923    0.12004    -0.59097 
117.000     0.61955    0.12189    -0.59719 
118.000     0.62982    0.12373    -0.60342 
119.000     0.64002    0.12556    -0.60968 
120.000     0.65041    0.12742    -0.61588 
121.000     0.66122    0.12931    -0.62197 
122.000     0.67221    0.13123    -0.62801 
123.000     0.68314    0.13314    -0.63407 
124.000     0.69401    0.13504    -0.64014 
125.000     0.70490    0.13694    -0.64621 
126.000     0.71581    0.13885    -0.65227 
127.000     0.72673    0.14075    -0.65833 
128.000     0.73761    0.14266    -0.66441 
129.000     0.74842    0.14455    -0.67050 
130.000     0.75941    0.14647    -0.67654 
131.000     0.77075    0.14841    -0.68246 
132.000     0.78226    0.15038    -0.68832 
133.000     0.79371    0.15234    -0.69421 
134.000     0.80512    0.15429    -0.70010 
135.000     0.81653    0.15624    -0.70600 
136.000     0.82797    0.15820    -0.71189 
137.000     0.83942    0.16016    -0.71777 
138.000     0.85082    0.16211    -0.72367 
139.000     0.86218    0.16406    -0.72959 
140.000     0.87368    0.16603    -0.73545 
141.000     0.88548    0.16802    -0.74119 
142.000     0.89743    0.17002    -0.74687 
143.000     0.90933    0.17202    -0.75257 
144.000     0.92119    0.17401    -0.75829 
145.000     0.93305    0.17601    -0.76400 
146.000     0.94494    0.17801    -0.76970 
147.000     0.95683    0.18001    -0.77540 
148.000     0.96869    0.18200    -0.78112 
149.000     0.98051    0.18399    -0.78686 
150.000     0.99245    0.18599    -0.79254 
151.000     1.00464    0.18802    -0.79809 
152.000     1.01695    0.19006    -0.80358 
153.000     1.02922    0.19209    -0.80909 
154.000     1.04145    0.19412    -0.81462 
155.000     1.05369    0.19615    -0.82014 
156.000     1.06595    0.19818    -0.82566 
157.000     1.07822    0.20021    -0.83117 
158.000     1.09047    0.20224    -0.83668 
159.000     1.10270    0.20427    -0.84221 
160.000     1.11495    0.20630    -0.84773 
161.000     1.12744    0.20835    -0.85310 
162.000     1.14004    0.21041    -0.85839 
163.000     1.15261    0.21246    -0.86370 
164.000     1.16514    0.21451    -0.86904 
165.000     1.17768    0.21657    -0.87437 
166.000     1.19023    0.21862    -0.87969 
167.000     1.20279    0.22068    -0.88501 
168.000     1.21533    0.22273    -0.89034 
169.000     1.22784    0.22478    -0.89570 
170.000     1.24042    0.22684    -0.90100 
171.000     1.25315    0.22890    -0.90616 
172.000     1.26595    0.23097    -0.91126 
173.000     1.27873    0.23304    -0.91638 
174.000     1.29148    0.23511    -0.92152 
175.000     1.30425    0.23718    -0.92666 
176.000     1.31702    0.23924    -0.93178 
177.000     1.32979    0.24131    -0.93691 
178.000     1.34255    0.24338    -0.94205 
179.000     1.35529    0.24544    -0.94721 
180.000     1.36808    0.24751    -0.95231 
181.000     1.38096    0.24959    -0.95728 
182.000     1.39390    0.25167    -0.96218 
183.000     1.40681    0.25374    -0.96711 
184.000     1.41972    0.25582    -0.97205 
185.000     1.43262    0.25790    -0.97699 
186.000     1.44553    0.25997    -0.98192 
187.000     1.45845    0.26205    -0.98685 
188.000     1.47135    0.26412    -0.99179 
189.000     1.48425    0.26620    -0.99676 
190.000     1.49717    0.26828    -1.00166 
191.000     1.51014    0.27036    -1.00643 
192.000     1.52313    0.27244    -1.01114 
193.000     1.53611    0.27452    -1.01587 
194.000     1.54909    0.27660    -1.02062 
195.000     1.56207    0.27868    -1.02536 
196.000     1.57505    0.28076    -1.03010 
197.000     1.58803    0.28284    -1.03483 
198.000     1.60101    0.28492    -1.03957 
199.000     1.61399    0.28700    -1.04433 
200.000     1.62697    0.28908    -1.04905 
201.000     1.63995    0.29116    -1.05368 
202.000     1.65292    0.29323    -1.05824 
203.000     1.66590    0.29531    -1.06275 
204.000     1.67887    0.29738    -1.06725 
205.000     1.69186    0.29946    -1.07177 
206.000     1.70485    0.30153    -1.07632 
207.000     1.71784    0.30361    -1.08089 
208.000     1.73083    0.30569    -1.08546 
209.000     1.74380    0.30776    -1.09000 
210.000     1.75675    0.30984    -1.09448 
211.000     1.76967    0.31190    -1.09889 
212.000     1.78257    0.31397    -1.10325 
213.000     1.79546    0.31603    -1.10757 
214.000     1.80836    0.31809    -1.11189 
215.000     1.82126    0.32015    -1.11622 
216.000     1.83419    0.32222    -1.12058 
217.000     1.84712    0.32429    -1.12496 
218.000     1.86004    0.32635    -1.12933 
219.000     1.87293    0.32841    -1.13367 
220.000     1.88578    0.33047    -1.13796 
221.000     1.89858    0.33252    -1.14218 
222.000     1.91135    0.33457    -1.14634 
223.000     1.92409    0.33661    -1.15047 
224.000     1.93683    0.33866    -1.15459 
225.000     1.94959    0.34070    -1.15873 
226.000     1.96237    0.34275    -1.16290 
227.000     1.97517    0.34480    -1.16709 
228.000     1.98795    0.34685    -1.17126 
229.000     2.00070    0.34889    -1.17541 
230.000     2.01339    0.35093    -1.17950 
231.000     2.02600    0.35296    -1.18353 
232.000     2.03855    0.35498    -1.18750 
233.000     2.05108    0.35700    -1.19143 
234.000     2.06359    0.35901    -1.19537 
235.000     2.07613    0.36103    -1.19931 
236.000     2.08871    0.36306    -1.20329 
237.000     2.10131    0.36508    -1.20728 
238.000     2.11389    0.36711    -1.21127 
239.000     2.12642    0.36912    -1.21522 
240.000     2.13888    0.37113    -1.21912 
241.000     2.15123    0.37313    -1.22296 
242.000     2.16351    0.37512    -1.22674 
243.000     2.17575    0.37711    -1.23049 
244.000     2.18798    0.37909    -1.23423 
245.000     2.20024    0.38108    -1.23798 
246.000     2.21254    0.38307    -1.24177 
247.000     2.22487    0.38506    -1.24557 
248.000     2.23718    0.38706    -1.24937 
249.000     2.24944    0.38904    -1.25313 
250.000     2.26160    0.39102    -1.25684 
251.000     2.27363    0.39299    -1.26049 
252.000     2.28558    0.39495    -1.26408 
253.000     2.29747    0.39690    -1.26764 
254.000     2.30935    0.39885    -1.27120 
255.000     2.32126    0.40080    -1.27476 
256.000     2.33323    0.40276    -1.27836 
257.000     2.34523    0.40472    -1.28198 
258.000     2.35721    0.40668    -1.28558 
259.000     2.36913    0.40864    -1.28916 
260.000     2.38093    0.41058    -1.29268 
261.000     2.39258    0.41251    -1.29614 
262.000     2.40413    0.41443    -1.29955 
263.000     2.41562    0.41634    -1.30292 
264.000     2.42709    0.41825    -1.30629 
265.000     2.43860    0.42016    -1.30968 
266.000     2.45018    0.42209    -1.31309 
267.000     2.46179    0.42401    -1.31652 
268.000     2.47338    0.42593    -1.31994 
269.000     2.48489    0.42785    -1.32333 
270.000     2.49627    0.42975    -1.32667 
271.000     2.50749    0.43163    -1.32994 
272.000     2.51858    0.43350    -1.33317 
273.000     2.52960    0.43536    -1.33636 
274.000     2.54061    0.43722    -1.33954 
275.000     2.55166    0.43909    -1.34275 
276.000     2.56278    0.44096    -1.34597 
277.000     2.57394    0.44284    -1.34922 
278.000     2.58508    0.44472    -1.35246 
279.000     2.59613    0.44658    -1.35566 
280.000     2.60704    0.44843    -1.35882 
281.000     2.61776    0.45026    -1.36192 
282.000     2.62834    0.45208    -1.36496 
283.000     2.63884    0.45388    -1.36797 
284.000     2.64933    0.45569    -1.37098 
285.000     2.65985    0.45750    -1.37400 
286.000     2.67047    0.45932    -1.37705 
287.000     2.68112    0.46114    -1.38011 
288.000     2.69175    0.46296    -1.38317 
289.000     2.70229    0.46477    -1.38620 
290.000     2.71267    0.46657    -1.38918 
291.000     2.72284    0.46834    -1.39209 
292.000     2.73286    0.47010    -1.39496 
293.000     2.74278    0.47184    -1.39779 
294.000     2.75269    0.47359    -1.40062 
295.000     2.76265    0.47534    -1.40347 
296.000     2.77270    0.47710    -1.40634 
297.000     2.78280    0.47887    -1.40922 
298.000     2.79287    0.48063    -1.41210 
299.000     2.80284    0.48238    -1.41496 
300.000     2.81263    0.48412    -1.41776 
