  1.000     0.17980  
  2.000     0.48041  
  3.000     0.83633  
  4.000     1.22276  
  5.000     1.62562  
  6.000     2.03590  
  7.000     2.44747  
  8.000     2.85604  
  9.000     3.25854  
 10.000     3.65277  
 11.000     4.03162  
 12.000     4.41047  
 13.000     4.76584  
 14.000     5.12121  
 15.000     5.45133  
 16.000     5.78146  
 17.000     6.08585  
 18.000     6.39025  
 19.000     6.66921  
 20.000     6.94817  
 21.000     7.20247  
 22.000     7.45676  
 23.000     7.68743  
 24.000     7.91810  
 25.000     8.13178  
 26.000     8.33455  
 27.000     8.52160  
 28.000     8.70865  
 29.000     8.87579  
 30.000     9.04294  
 31.000     9.17850  
 32.000     9.31407  
 33.000     9.44964  
 34.000     9.58521  
 35.000     9.72078  
 36.000     9.81701  
 37.000     9.91325  
 38.000    10.00949  
 39.000    10.10573  
 40.000    10.20197  
 41.000    10.26529  
 42.000    10.32861  
 43.000    10.39193  
 44.000    10.45525  
 45.000    10.51858  
 46.000    10.55442  
 47.000    10.59026  
 48.000    10.62610  
 49.000    10.66194  
 50.000    10.69778  
 51.000    10.71069  
 52.000    10.72360  
 53.000    10.73651  
 54.000    10.74942  
 55.000    10.76233  
 56.000    10.75608  
 57.000    10.74983  
 58.000    10.74358  
 59.000    10.73733  
 60.000    10.73108  
 61.000    10.70881  
 62.000    10.68653  
 63.000    10.66426  
 64.000    10.64199  
 65.000    10.61971  
 66.000    10.58402  
 67.000    10.54832  
 68.000    10.51262  
 69.000    10.47691  
 70.000    10.44121  
 71.000    10.39425  
 72.000    10.34728  
 73.000    10.30032  
 74.000    10.25335  
 75.000    10.20638  
 76.000    10.14995  
 77.000    10.09352  
 78.000    10.03708  
 79.000     9.98065  
 80.000     9.92422  
 81.000     9.85982  
 82.000     9.79543  
 83.000     9.73103  
 84.000     9.66664  
 85.000     9.60224  
 86.000     9.53115  
 87.000     9.46005  
 88.000     9.38895  
 89.000     9.31786  
 90.000     9.24676  
 91.000     9.17003  
 92.000     9.09329  
 93.000     9.01655  
 94.000     8.93982  
 95.000     8.86308  
 96.000     8.78160  
 97.000     8.70012  
 98.000     8.61863  
 99.000     8.53715  
100.000     8.45567  
101.000     8.36972  
102.000     8.28138  
103.000     8.19390  
104.000     8.10709  
105.000     8.02010  
106.000     7.93280  
107.000     7.84540  
108.000     7.75852  
109.000     7.67227  
110.000     7.58423  
111.000     7.49233  
112.000     7.39865  
113.000     7.30561  
114.000     7.21307  
115.000     7.12040  
116.000     7.02750  
117.000     6.93453  
118.000     6.84192  
119.000     6.74976  
120.000     6.65635  
121.000     6.56027  
122.000     6.46295  
123.000     6.36608  
124.000     6.26955  
125.000     6.17293  
126.000     6.07616  
127.000     5.97933  
128.000     5.88276  
129.000     5.78648  
130.000     5.68936  
131.000     5.59044  
132.000     5.49067  
133.000     5.39121  
134.000     5.29198  
135.000     5.19269  
136.000     5.09329  
137.000     4.99387  
138.000     4.89460  
139.000     4.79553  
140.000     4.69592  
141.000     4.59512  
142.000     4.49378  
143.000     4.39264  
144.000     4.29165  
145.000     4.19061  
146.000     4.08952  
147.000     3.98840  
148.000     3.88738  
149.000     3.78648  
150.000     3.68525  
151.000     3.58331  
152.000     3.48103  
153.000     3.37887  
154.000     3.27681  
155.000     3.17471  
156.000     3.07259  
157.000     2.97045  
158.000     2.86832  
159.000     2.76625  
160.000     2.66414  
161.000     2.56159  
162.000     2.45882  
163.000     2.35613  
164.000     2.25350  
165.000     2.15084  
166.000     2.04817  
167.000     1.94550  
168.000     1.84285  
169.000     1.74022  
170.000     1.63753  
171.000     1.53470  
172.000     1.43181  
173.000     1.32895  
174.000     1.22610  
175.000     1.12325  
176.000     1.02039  
177.000     0.91753  
178.000     0.81468  
179.000     0.71181  
180.000     0.60896  
181.000     0.50616  
182.000     0.40337  
183.000     0.30057  
184.000     0.19777  
185.000     0.09497  
186.000    -0.00782  
187.000    -0.11061  
188.000    -0.21341  
189.000    -0.31625  
190.000    -0.41901  
191.000    -0.52161  
192.000    -0.62413  
193.000    -0.72669  
194.000    -0.82926  
195.000    -0.93183  
196.000    -1.03439  
197.000    -1.13694  
198.000    -1.23951  
199.000    -1.34211  
200.000    -1.44463  
201.000    -1.54700  
202.000    -1.64924  
203.000    -1.75139  
204.000    -1.85353  
205.000    -1.95569  
206.000    -2.05793  
207.000    -2.16021  
208.000    -2.26248  
209.000    -2.36467  
210.000    -2.46675  
211.000    -2.56868  
212.000    -2.67048  
213.000    -2.77222  
214.000    -2.87394  
215.000    -2.97570  
216.000    -3.07753  
217.000    -3.17939  
218.000    -3.28124  
219.000    -3.38301  
220.000    -3.48465  
221.000    -3.58613  
222.000    -3.68748  
223.000    -3.78875  
224.000    -3.89001  
225.000    -3.99131  
226.000    -4.09268  
227.000    -4.19408  
228.000    -4.29547  
229.000    -4.39678  
230.000    -4.49796  
231.000    -4.59898  
232.000    -4.69986  
233.000    -4.80067  
234.000    -4.90145  
235.000    -5.00228  
236.000    -5.10318  
237.000    -5.20411  
238.000    -5.30503  
239.000    -5.40587  
240.000    -5.50659  
241.000    -5.60714  
242.000    -5.70757  
243.000    -5.80792  
244.000    -5.90825  
245.000    -6.00861  
246.000    -6.10905  
247.000    -6.20952  
248.000    -6.30998  
249.000    -6.41037  
250.000    -6.51063  
251.000    -6.61075  
252.000    -6.71074  
253.000    -6.81066  
254.000    -6.91056  
255.000    -7.01049  
256.000    -7.11049  
257.000    -7.21052  
258.000    -7.31054  
259.000    -7.41049  
260.000    -7.51034  
261.000    -7.61004  
262.000    -7.70963  
263.000    -7.80916  
264.000    -7.90866  
265.000    -8.00820  
266.000    -8.10780  
267.000    -8.20742  
268.000    -8.30704  
269.000    -8.40660  
270.000    -8.50606  
271.000    -8.60540  
272.000    -8.70463  
273.000    -8.80381  
274.000    -8.90297  
275.000    -9.00215  
276.000    -9.10139  
277.000    -9.20065  
278.000    -9.29991  
279.000    -9.39912  
280.000    -9.49824  
281.000    -9.59726  
282.000    -9.69619  
283.000    -9.79507  
284.000    -9.89393  
285.000    -9.99281  
286.000   -10.09174  
287.000   -10.19069  
288.000   -10.28964  
289.000   -10.38855  
290.000   -10.48738  
291.000   -10.58613  
292.000   -10.68481  
293.000   -10.78345  
294.000   -10.88207  
295.000   -10.98071  
296.000   -11.07938  
297.000   -11.17807  
298.000   -11.27676  
299.000   -11.37542  
300.000   -11.47402  
