 1.000     0.02168     0.00001    -0.00131  
  2.000     0.06215    0.00009     -0.00664 
  3.000     0.11523    0.00034     -0.01649 
  4.000     0.17853    0.00083     -0.03068 
  5.000     0.25050    0.00161     -0.04881 
  6.000     0.33001    0.00274     -0.07045 
  7.000     0.41614    0.00424     -0.09514 
  8.000     0.50814    0.00612     -0.12249 
  9.000     0.60538    0.00839     -0.15212 
 10.000     0.70730    0.01105     -0.18369 
 11.000     0.81529    0.01429     -0.21761 
 12.000     0.92329    0.01752     -0.25154 
 13.000     1.03806    0.02149     -0.28782 
 14.000     1.15283    0.02546     -0.32410 
 15.000     1.27306    0.03010     -0.36198 
 16.000     1.39329    0.03475     -0.39987 
 17.000     1.51789    0.04001     -0.43879 
 18.000     1.64249    0.04527     -0.47770 
 19.000     1.77055    0.05108     -0.51720 
 20.000     1.89861    0.05690     -0.55670 
 21.000     2.02937    0.06321     -0.59644 
 22.000     2.16012    0.06952     -0.63618 
 23.000     2.29290    0.07627     -0.67588 
 24.000     2.42569    0.08302     -0.71558 
 25.000     2.55964    0.09007     -0.75511 
 26.000     2.69419    0.09730     -0.79448 
 27.000     2.82941    0.10479     -0.83352 
 28.000     2.96463    0.11227     -0.87255 
 29.000     3.10040    0.12005     -0.91104 
 30.000     3.23617    0.12783     -0.94953 
 31.000     3.37196    0.13604     -0.98681 
 32.000     3.50776    0.14426     -1.02409 
 33.000     3.64355    0.15247     -1.06137 
 34.000     3.77935    0.16068     -1.09865 
 35.000     3.91514    0.16889     -1.13593 
 36.000     4.04955    0.17756     -1.17117 
 37.000     4.18397    0.18624     -1.20640 
 38.000     4.31838    0.19491     -1.24165 
 39.000     4.45280    0.20358     -1.27688 
 40.000     4.58721    0.21226     -1.31212 
 41.000     4.71891    0.22124     -1.34510 
 42.000     4.85062    0.23023     -1.37808 
 43.000     4.98232    0.23922     -1.41106 
 44.000     5.11402    0.24820     -1.44404 
 45.000     5.24572    0.25719     -1.47702 
 46.000     5.37376    0.26637     -1.50764 
 47.000     5.50180    0.27556     -1.53827 
 48.000     5.62984    0.28475     -1.56889 
 49.000     5.75788    0.29393     -1.59952 
 50.000     5.88592    0.30312     -1.63014 
 51.000     6.00964    0.31242     -1.65840 
 52.000     6.13336    0.32172     -1.68666 
 53.000     6.25708    0.33102     -1.71492 
 54.000     6.38080    0.34032     -1.74318 
 55.000     6.50452    0.34962     -1.77144 
 56.000     6.62348    0.35897     -1.79738 
 57.000     6.74244    0.36832     -1.82332 
 58.000     6.86140    0.37766     -1.84925 
 59.000     6.98036    0.38701     -1.87518 
 60.000     7.09933    0.39636     -1.90112 
 61.000     7.21326    0.40571     -1.92480 
 62.000     7.32719    0.41505     -1.94848 
 63.000     7.44113    0.42440     -1.97216 
 64.000     7.55506    0.43375     -1.99584 
 65.000     7.66899    0.44309     -2.01952 
 66.000     7.77775    0.45239     -2.04103 
 67.000     7.88652    0.46170     -2.06255 
 68.000     7.99528    0.47100     -2.08406 
 69.000     8.10405    0.48030     -2.10558 
 70.000     8.21281    0.48961     -2.12710 
 71.000     8.31636    0.49883     -2.14655 
 72.000     8.41992    0.50806     -2.16600 
 73.000     8.52347    0.51729     -2.18546 
 74.000     8.62702    0.52652     -2.20491 
 75.000     8.73058    0.53574     -2.22436 
 76.000     8.82895    0.54487     -2.24186 
 77.000     8.92733    0.55399     -2.25936 
 78.000     9.02571    0.56312     -2.27686 
 79.000     9.12408    0.57224     -2.29436 
 80.000     9.22246    0.58137     -2.31187 
 81.000     9.31575    0.59036     -2.32752 
 82.000     9.40904    0.59936     -2.34318 
 83.000     9.50233    0.60836     -2.35884 
 84.000     9.59562    0.61736     -2.37450 
 85.000     9.68890    0.62636     -2.39016 
 86.000     9.77724    0.63521     -2.40409 
 87.000     9.86557    0.64407     -2.41802 
 88.000     9.95391    0.65292     -2.43195 
 89.000    10.04224    0.66177     -2.44588 
 90.000    10.13058    0.67063     -2.45980 
 91.000    10.21412    0.67932     -2.47211 
 92.000    10.29766    0.68800     -2.48442 
 93.000    10.38120    0.69669     -2.49673 
 94.000    10.46474    0.70538     -2.50904 
 95.000    10.54828    0.71407     -2.52135 
 96.000    10.62721    0.72258     -2.53214 
 97.000    10.70614    0.73109     -2.54294 
 98.000    10.78507    0.73960     -2.55373 
 99.000    10.86400    0.74811     -2.56453 
100.000    10.94293    0.75662     -2.57532 
101.000    11.01672    0.76489     -2.58449 
102.000    11.08775    0.77304     -2.59278 
103.000    11.15976    0.78123     -2.60138 
104.000    11.23257    0.78946     -2.61023 
105.000    11.30517    0.79768     -2.61902 
106.000    11.37739    0.80588     -2.62769 
107.000    11.44943    0.81407     -2.63631 
108.000    11.52220    0.82230     -2.64515 
109.000    11.59589    0.83058     -2.65426 
110.000    11.66702    0.83872     -2.66260 
111.000    11.73270    0.84655     -2.66928 
112.000    11.79582    0.85425     -2.67518 
113.000    11.85986    0.86199     -2.68137 
114.000    11.92463    0.86978     -2.68777 
115.000    11.98920    0.87755     -2.69411 
116.000    12.05343    0.88531     -2.70035 
117.000    12.11750    0.89305     -2.70654 
118.000    12.18223    0.90084     -2.71293 
119.000    12.24777    0.90868     -2.71955 
120.000    12.31103    0.91637     -2.72551 
121.000    12.36938    0.92372     -2.73004 
122.000    12.42545    0.93091     -2.73391 
123.000    12.48234    0.93816     -2.73802 
124.000    12.53988    0.94545     -2.74231 
125.000    12.59724    0.95273     -2.74656 
126.000    12.65430    0.95999     -2.75072 
127.000    12.71122    0.96723     -2.75484 
128.000    12.76872    0.97453     -2.75912 
129.000    12.82695    0.98188     -2.76360 
130.000    12.88315    0.98907     -2.76752 
131.000    12.93497    0.99588     -2.77023 
132.000    12.98476    1.00252     -2.77237 
133.000    13.03527    1.00923     -2.77472 
134.000    13.08637    1.01598     -2.77722 
135.000    13.13731    1.02272     -2.77968 
136.000    13.18798    1.02944     -2.78207 
137.000    13.23853    1.03614     -2.78442 
138.000    13.28959    1.04289     -2.78692 
139.000    13.34130    1.04971     -2.78958 
140.000    13.39120    1.05635     -2.79177 
141.000    13.43724    1.06259     -2.79293 
142.000    13.48146    1.06864     -2.79362 
143.000    13.52634    1.07476     -2.79448 
144.000    13.57172    1.08093     -2.79547 
145.000    13.61697    1.08708     -2.79643 
146.000    13.66198    1.09322     -2.79732 
147.000    13.70688    1.09933     -2.79819 
148.000    13.75224    1.10550     -2.79917 
149.000    13.79817    1.11175     -2.80030 
150.000    13.84250    1.11779     -2.80102 
151.000    13.88341    1.12342     -2.80090 
152.000    13.92273    1.12884     -2.80037 
153.000    13.96262    1.13434     -2.79999 
154.000    14.00296    1.13989     -2.79972 
155.000    14.04318    1.14543     -2.79941 
156.000    14.08319    1.15094     -2.79906 
157.000    14.12309    1.15643     -2.79868 
158.000    14.16312    1.16194     -2.79834 
159.000    14.20354    1.16751     -2.79808 
160.000    14.24366    1.17303     -2.79775 
161.000    14.28027    1.17804     -2.79661 
162.000    14.31506    1.18277     -2.79503 
163.000    14.35050    1.18760     -2.79361 
164.000    14.38646    1.19251     -2.79231 
165.000    14.42227    1.19740     -2.79097 
166.000    14.45786    1.20225     -2.78959 
167.000    14.49338    1.20709     -2.78818 
168.000    14.52926    1.21199     -2.78686 
169.000    14.56558    1.21697     -2.78564 
170.000    14.60066    1.22173     -2.78414 
171.000    14.63309    1.22603     -2.78207 
172.000    14.66429    1.23010     -2.77973 
173.000    14.69593    1.23426     -2.77749 
174.000    14.72792    1.23848     -2.77533 
175.000    14.75982    1.24268     -2.77314 
176.000    14.79155    1.24685     -2.77092 
177.000    14.82320    1.25101     -2.76868 
178.000    14.85518    1.25522     -2.76651 
179.000    14.88753    1.25952     -2.76441 
180.000    14.91881    1.26360     -2.76210 
181.000    14.94775    1.26719     -2.75933 
182.000    14.97560    1.27056     -2.75635 
183.000    15.00385    1.27400     -2.75344 
184.000    15.03240    1.27752     -2.75060 
185.000    15.06088    1.28101     -2.74774 
186.000    15.08920    1.28448     -2.74485 
187.000    15.11746    1.28792     -2.74195 
188.000    15.14600    1.29144     -2.73910 
189.000    15.17488    1.29503     -2.73630 
190.000    15.20280    1.29840     -2.73334 
191.000    15.22868    1.30127     -2.73003 
192.000    15.25360    1.30391     -2.72655 
193.000    15.27886    1.30663     -2.72313 
194.000    15.30439    1.30942     -2.71975 
195.000    15.32984    1.31219     -2.71636 
196.000    15.35519    1.31493     -2.71296 
197.000    15.38051    1.31767     -2.70955 
198.000    15.40598    1.32044     -2.70616 
199.000    15.43164    1.32327     -2.70280 
200.000    15.45678    1.32595     -2.69937 
201.000    15.48074    1.32831     -2.69576 
202.000    15.50370    1.33038     -2.69201 
203.000    15.52606    1.33228     -2.68816 
204.000    15.54822    1.33413     -2.68429 
205.000    15.57057    1.33605     -2.68043 
206.000    15.59339    1.33810     -2.67664 
207.000    15.61648    1.34023     -2.67289 
208.000    15.63955    1.34234     -2.66914 
209.000    15.66228    1.34435     -2.66535 
210.000    15.68436    1.34614     -2.66149 
211.000    15.70559    1.34765     -2.65753 
212.000    15.72614    1.34896     -2.65349 
213.000    15.74629    1.35013     -2.64940 
214.000    15.76633    1.35128     -2.64529 
215.000    15.78654    1.35249     -2.64120 
216.000    15.80709    1.35382     -2.63714 
217.000    15.82784    1.35521     -2.63310 
218.000    15.84853    1.35657     -2.62906 
219.000    15.86891    1.35782     -2.62500 
220.000    15.88871    1.35885     -2.62090 
221.000    15.90777    1.35961     -2.61673 
222.000    15.92626    1.36016     -2.61251 
223.000    15.94440    1.36059     -2.60826 
224.000    15.96245    1.36099     -2.60400 
225.000    15.98065    1.36145     -2.59975 
226.000    15.99915    1.36203     -2.59551 
227.000    16.01782    1.36267     -2.59129 
228.000    16.03643    1.36328     -2.58707 
229.000    16.05476    1.36377     -2.58285 
230.000    16.07259    1.36405     -2.57860 
231.000    16.08976    1.36406     -2.57432 
232.000    16.10643    1.36385     -2.57002 
233.000    16.12280    1.36353     -2.56570 
234.000    16.13908    1.36318     -2.56138 
235.000    16.15549    1.36289     -2.55705 
236.000    16.17217    1.36271     -2.55273 
237.000    16.18900    1.36260     -2.54842 
238.000    16.20578    1.36246     -2.54411 
239.000    16.22231    1.36220     -2.53981 
240.000    16.23839    1.36173     -2.53550 
241.000    16.25390    1.36098     -2.53120 
242.000    16.26896    1.36003     -2.52689 
243.000    16.28376    1.35896     -2.52259 
244.000    16.29848    1.35786     -2.51827 
245.000    16.31331    1.35682     -2.51396 
246.000    16.32838    1.35590     -2.50963 
247.000    16.34358    1.35503     -2.50531 
248.000    16.35874    1.35414     -2.50099 
249.000    16.37368    1.35313     -2.49669 
250.000    16.38822    1.35191     -2.49241 
251.000    16.40226    1.35043     -2.48815 
252.000    16.41589    1.34874     -2.48391 
253.000    16.42929    1.34693     -2.47968 
254.000    16.44262    1.34509     -2.47545 
255.000    16.45606    1.34331     -2.47120 
256.000    16.46971    1.34164     -2.46695 
257.000    16.48347    1.34004     -2.46268 
258.000    16.49719    1.33840     -2.45843 
259.000    16.51071    1.33665     -2.45420 
260.000    16.52389    1.33470     -2.45000 
261.000    16.53661    1.33248     -2.44585 
262.000    16.54898    1.33006     -2.44174 
263.000    16.56114    1.32753     -2.43764 
264.000    16.57324    1.32496     -2.43355 
265.000    16.58544    1.32245     -2.42944 
266.000    16.59782    1.32006     -2.42531 
267.000    16.61030    1.31772     -2.42117 
268.000    16.62275    1.31536     -2.41704 
269.000    16.63502    1.31288     -2.41294 
270.000    16.64698    1.31020     -2.40889 
271.000    16.65854    1.30727     -2.40490 
272.000    16.66978    1.30413     -2.40097 
273.000    16.68084    1.30088     -2.39706 
274.000    16.69184    1.29760     -2.39316 
275.000    16.70293    1.29438     -2.38924 
276.000    16.71418    1.29126     -2.38528 
277.000    16.72552    1.28821     -2.38131 
278.000    16.73683    1.28513     -2.37736 
279.000    16.74799    1.28193     -2.37344 
280.000    16.75887    1.27855     -2.36958 
281.000    16.76938    1.27490     -2.36581 
282.000    16.77962    1.27107     -2.36210 
283.000    16.78969    1.26712     -2.35842 
284.000    16.79971    1.26314     -2.35475 
285.000    16.80980    1.25921     -2.35106 
286.000    16.82005    1.25540     -2.34733 
287.000    16.83037    1.25164     -2.34358 
288.000    16.84067    1.24785     -2.33985 
289.000    16.85083    1.24396     -2.33616 
290.000    16.86074    1.23988     -2.33254 
291.000    16.87032    1.23555     -2.32902 
292.000    16.87965    1.23103     -2.32557 
293.000    16.88883    1.22640     -2.32217 
294.000    16.89797    1.22174     -2.31877 
295.000    16.90718    1.21713     -2.31535 
296.000    16.91652    1.21263     -2.31188 
297.000    16.92594    1.20819     -2.30839 
298.000    16.93533    1.20372     -2.30492 
299.000    16.94459    1.19915     -2.30149 
300.000    16.95363    1.19439     -2.29815 
