1.000   147.74750      -0.00517      0.10515
  2.000   136.46342     -0.02572     0.25296
  3.000   128.78354     -0.06303     0.40198
  4.000   122.92236     -0.11609     0.54247
  5.000   118.17818     -0.18330     0.67168
  6.000   114.19291     -0.26298     0.78930
  7.000   110.75719     -0.35353     0.89593
  8.000   107.73755     -0.45351     0.99246
  9.000   105.04364     -0.56163     1.07990
 10.000   102.61142     -0.67678     1.15920
 11.000   100.39390     -0.79796     1.23123
 12.000    98.35559     -0.92433     1.29679
 13.000    96.46906     -1.05513     1.35660
 14.000    94.71267     -1.18973     1.41126
 15.000    93.06906     -1.32755     1.46134
 16.000    91.52411     -1.46810     1.50731
 17.000    90.06619     -1.61095     1.54961
 18.000    88.68557     -1.75571     1.58862
 19.000    87.37409     -1.90207     1.62465
 20.000    86.12480     -2.04971     1.65801
 21.000    84.93174     -2.19840     1.68896
 22.000    83.78978     -2.34790     1.71773
 23.000    82.69445     -2.49801     1.74452
 24.000    81.64185     -2.64856     1.76953
 25.000    80.62855     -2.79939     1.79290
 26.000    79.65152     -2.95036     1.81480
 27.000    78.70805     -3.10134     1.83534
 28.000    77.79576     -3.25224     1.85466
 29.000    76.91248     -3.40295     1.87286
 30.000    76.05629     -3.55339     1.89003
 31.000    75.22543     -3.70348     1.90626
 32.000    74.41833     -3.85315     1.92163
 33.000    73.63355     -4.00235     1.93621
 34.000    72.86978     -4.15103     1.95007
 35.000    72.12583     -4.29913     1.96326
 36.000    71.40061     -4.44661     1.97585
 37.000    70.69310     -4.59344     1.98787
 38.000    70.00239     -4.73959     1.99937
 39.000    69.32761     -4.88502     2.01041
 40.000    68.66798     -5.02973     2.02100
 41.000    68.02278     -5.17367     2.03119
 42.000    67.39131     -5.31683     2.04101
 43.000    66.77295     -5.45920     2.05049
 44.000    66.16712     -5.60076     2.05965
 45.000    65.57326     -5.74151     2.06853
 46.000    64.99086     -5.88142     2.07713
 47.000    64.41944     -6.02050     2.08549
 48.000    63.85856     -6.15873     2.09362
 49.000    63.30778     -6.29612     2.10154
 50.000    62.76672     -6.43265     2.10927
 51.000    62.23500     -6.56832     2.11682
 52.000    61.71226     -6.70314     2.12420
 53.000    61.19819     -6.83710     2.13144
 54.000    60.69246     -6.97019     2.13854
 55.000    60.19477     -7.10243     2.14551
 56.000    59.70485     -7.23381     2.15236
 57.000    59.22243     -7.36433     2.15911
 58.000    58.74727     -7.49399     2.16575
 59.000    58.27911     -7.62281     2.17231
 60.000    57.81773     -7.75077     2.17879
 61.000    57.36292     -7.87789     2.18519
 62.000    56.91447     -8.00418     2.19153
 63.000    56.47219     -8.12962     2.19780
 64.000    56.03588     -8.25423     2.20402
 65.000    55.60538     -8.37802     2.21019
 66.000    55.18050     -8.50098     2.21631
 67.000    54.76108     -8.62312     2.22240
 68.000    54.34698     -8.74446     2.22845
 69.000    53.93804     -8.86499     2.23447
 70.000    53.53412     -8.98471     2.24045
 71.000    53.13508     -9.10365     2.24642
 72.000    52.74079     -9.22179     2.25236
 73.000    52.35113     -9.33915     2.25829
 74.000    51.96597     -9.45574     2.26420
 75.000    51.58521     -9.57156     2.27011
 76.000    51.20871     -9.68661     2.27600
 77.000    50.83640     -9.80090     2.28188
 78.000    50.46814     -9.91445     2.28776
 79.000    50.10386    -10.02725     2.29364
 80.000    49.74345    -10.13930     2.29951
 81.000    49.38682    -10.25063     2.30539
 82.000    49.03388    -10.36123     2.31127
 83.000    48.68455    -10.47111     2.31716
 84.000    48.33874    -10.58028     2.32305
 85.000    47.99638    -10.68873     2.32894
 86.000    47.65738    -10.79649     2.33485
 87.000    47.32168    -10.90356     2.34076
 88.000    46.98920    -11.00993     2.34669
 89.000    46.65987    -11.11562     2.35263
 90.000    46.33363    -11.22064     2.35858
 91.000    46.01040    -11.32498     2.36454
 92.000    45.69013    -11.42866     2.37052
 93.000    45.37276    -11.53168     2.37651
 94.000    45.05822    -11.63405     2.38252
 95.000    44.74646    -11.73578     2.38854
 96.000    44.43743    -11.83686     2.39458
 97.000    44.13106    -11.93730     2.40064
 98.000    43.82732    -12.03712     2.40672
 99.000    43.52614    -12.13632     2.41281
100.000    43.22747    -12.23489     2.41893
101.000    42.93128    -12.33286     2.42506
102.000    42.63751    -12.43022     2.43121
103.000    42.34612    -12.52697     2.43739
104.000    42.05707    -12.62313     2.44358
105.000    41.77030    -12.71871     2.44979
106.000    41.48579    -12.81369     2.45602
107.000    41.20348    -12.90810     2.46228
108.000    40.92335    -13.00193     2.46855
109.000    40.64535    -13.09519     2.47485
110.000    40.36945    -13.18789     2.48117
111.000    40.09561    -13.28003     2.48751
112.000    39.82379    -13.37162     2.49387
113.000    39.55396    -13.46265     2.50026
114.000    39.28609    -13.55314     2.50666
115.000    39.02014    -13.64309     2.51309
116.000    38.75608    -13.73251     2.51953
117.000    38.49389    -13.82140     2.52601
118.000    38.23353    -13.90976     2.53250
119.000    37.97497    -13.99760     2.53901
120.000    37.71818    -14.08492     2.54555
121.000    37.46313    -14.17173     2.55211
122.000    37.20981    -14.25803     2.55869
123.000    36.95817    -14.34383     2.56529
124.000    36.70820    -14.42914     2.57191
125.000    36.45987    -14.51394     2.57856
126.000    36.21316    -14.59826     2.58522
127.000    35.96803    -14.68209     2.59191
128.000    35.72447    -14.76544     2.59863
129.000    35.48245    -14.84831     2.60536
130.000    35.24195    -14.93070     2.61211
131.000    35.00295    -15.01263     2.61889
132.000    34.76543    -15.09409     2.62568
133.000    34.52936    -15.17508     2.63250
134.000    34.29472    -15.25562     2.63934
135.000    34.06150    -15.33571     2.64620
136.000    33.82967    -15.41534     2.65308
137.000    33.59921    -15.49452     2.65999
138.000    33.37011    -15.57326     2.66691
139.000    33.14235    -15.65157     2.67385
140.000    32.91590    -15.72943     2.68082
141.000    32.69075    -15.80686     2.68780
142.000    32.46689    -15.88386     2.69481
143.000    32.24429    -15.96044     2.70184
144.000    32.02294    -16.03659     2.70888
145.000    31.80282    -16.11232     2.71595
146.000    31.58391    -16.18764     2.72304
147.000    31.36621    -16.26254     2.73014
148.000    31.14969    -16.33704     2.73727
149.000    30.93433    -16.41112     2.74442
150.000    30.72013    -16.48481     2.75158
151.000    30.50707    -16.55809     2.75877
152.000    30.29514    -16.63097     2.76597
153.000    30.08431    -16.70347     2.77320
154.000    29.87458    -16.77557     2.78044
155.000    29.66593    -16.84728     2.78771
156.000    29.45835    -16.91860     2.79499
157.000    29.25183    -16.98954     2.80229
158.000    29.04635    -17.06011     2.80961
159.000    28.84190    -17.13029     2.81695
160.000    28.63847    -17.20010     2.82431
161.000    28.43605    -17.26954     2.83169
162.000    28.23461    -17.33861     2.83908
163.000    28.03416    -17.40731     2.84649
164.000    27.83468    -17.47565     2.85393
165.000    27.63616    -17.54363     2.86138
166.000    27.43859    -17.61125     2.86885
167.000    27.24195    -17.67851     2.87633
168.000    27.04624    -17.74542     2.88384
169.000    26.85145    -17.81198     2.89136
170.000    26.65756    -17.87819     2.89891
171.000    26.46456    -17.94405     2.90647
172.000    26.27245    -18.00957     2.91404
173.000    26.08121    -18.07475     2.92164
174.000    25.89083    -18.13959     2.92925
175.000    25.70132    -18.20409     2.93688
176.000    25.51264    -18.26825     2.94453
177.000    25.32481    -18.33209     2.95220
178.000    25.13780    -18.39559     2.95988
179.000    24.95160    -18.45876     2.96758
180.000    24.76622    -18.52161     2.97530
181.000    24.58164    -18.58413     2.98303
182.000    24.39784    -18.64633     2.99079
183.000    24.21484    -18.70821     2.99856
184.000    24.03260    -18.76978     3.00634
185.000    23.85113    -18.83102     3.01415
186.000    23.67043    -18.89195     3.02197
187.000    23.49047    -18.95258     3.02981
188.000    23.31125    -19.01289     3.03767
189.000    23.13277    -19.07289     3.04554
190.000    22.95502    -19.13258     3.05343
191.000    22.77798    -19.19198     3.06134
192.000    22.60166    -19.25107     3.06926
193.000    22.42605    -19.30985     3.07720
194.000    22.25113    -19.36834     3.08516
195.000    22.07690    -19.42653     3.09314
196.000    21.90335    -19.48443     3.10113
197.000    21.73049    -19.54203     3.10914
198.000    21.55829    -19.59934     3.11716
199.000    21.38676    -19.65636     3.12521
200.000    21.21588    -19.71309     3.13327
201.000    21.04565    -19.76954     3.14134
202.000    20.87607    -19.82570     3.14944
203.000    20.70712    -19.88157     3.15755
204.000    20.53881    -19.93716     3.16567
205.000    20.37112    -19.99247     3.17382
206.000    20.20405    -20.04751     3.18198
207.000    20.03759    -20.10226     3.19016
208.000    19.87174    -20.15674     3.19835
209.000    19.70649    -20.21094     3.20657
210.000    19.54184    -20.26487     3.21480
211.000    19.37778    -20.31853     3.22304
212.000    19.21430    -20.37192     3.23130
213.000    19.05140    -20.42504     3.23959
214.000    18.88907    -20.47789     3.24788
215.000    18.72731    -20.53048     3.25620
216.000    18.56611    -20.58280     3.26453
217.000    18.40547    -20.63485     3.27288
218.000    18.24538    -20.68665     3.28125
219.000    18.08584    -20.73818     3.28963
220.000    17.92684    -20.78946     3.29803
221.000    17.76838    -20.84047     3.30645
222.000    17.61045    -20.89123     3.31489
223.000    17.45305    -20.94173     3.32334
224.000    17.29616    -20.99198     3.33181
225.000    17.13980    -21.04198     3.34030
226.000    16.98395    -21.09172     3.34880
227.000    16.82860    -21.14121     3.35733
228.000    16.67376    -21.19045     3.36587
229.000    16.51942    -21.23945     3.37443
230.000    16.36557    -21.28819     3.38301
231.000    16.21222    -21.33669     3.39160
232.000    16.05934    -21.38495     3.40021
233.000    15.90695    -21.43296     3.40885
234.000    15.75504    -21.48072     3.41749
235.000    15.60360    -21.52825     3.42616
236.000    15.45263    -21.57553     3.43485
237.000    15.30212    -21.62258     3.44355
238.000    15.15207    -21.66938     3.45227
239.000    15.00248    -21.71595     3.46101
240.000    14.85334    -21.76227     3.46977
241.000    14.70464    -21.80837     3.47855
242.000    14.55640    -21.85423     3.48735
243.000    14.40859    -21.89985     3.49616
244.000    14.26122    -21.94524     3.50500
245.000    14.11428    -21.99040     3.51385
246.000    13.96777    -22.03532     3.52272
247.000    13.82169    -22.08002     3.53162
248.000    13.67602    -22.12449     3.54053
249.000    13.53078    -22.16873     3.54946
250.000    13.38595    -22.21274     3.55841
251.000    13.24153    -22.25652     3.56738
252.000    13.09752    -22.30008     3.57637
253.000    12.95391    -22.34341     3.58537
254.000    12.81070    -22.38652     3.59440
255.000    12.66789    -22.42941     3.60345
256.000    12.52547    -22.47207     3.61252
257.000    12.38344    -22.51451     3.62161
258.000    12.24180    -22.55673     3.63072
259.000    12.10054    -22.59873     3.63985
260.000    11.95966    -22.64051     3.64900
261.000    11.81916    -22.68207     3.65817
262.000    11.67904    -22.72341     3.66736
263.000    11.53928    -22.76454     3.67657
264.000    11.39989    -22.80545     3.68580
265.000    11.26087    -22.84614     3.69505
266.000    11.12221    -22.88662     3.70433
267.000    10.98390    -22.92689     3.71362
268.000    10.84595    -22.96694     3.72294
269.000    10.70836    -23.00677     3.73228
270.000    10.57111    -23.04640     3.74164
271.000    10.43421    -23.08581     3.75102
272.000    10.29765    -23.12502     3.76043
273.000    10.16144    -23.16401     3.76986
274.000    10.02556    -23.20279     3.77930
275.000     9.89001    -23.24137     3.78877
276.000     9.75480    -23.27973     3.79827
277.000     9.61992    -23.31789     3.80778
278.000     9.48536    -23.35584     3.81732
279.000     9.35113    -23.39358     3.82688
280.000     9.21722    -23.43112     3.83647
281.000     9.08363    -23.46845     3.84608
282.000     8.95035    -23.50558     3.85571
283.000     8.81739    -23.54250     3.86536
284.000     8.68474    -23.57922     3.87504
285.000     8.55240    -23.61574     3.88474
286.000     8.42036    -23.65205     3.89446
287.000     8.28862    -23.68816     3.90421
288.000     8.15719    -23.72407     3.91399
289.000     8.02605    -23.75978     3.92378
290.000     7.89521    -23.79528     3.93360
291.000     7.76466    -23.83059     3.94345
292.000     7.63440    -23.86570     3.95332
293.000     7.50443    -23.90060     3.96322
294.000     7.37475    -23.93531     3.97314
295.000     7.24534    -23.96982     3.98308
296.000     7.11622    -24.00413     3.99305
297.000     6.98738    -24.03825     4.00305
298.000     6.85882    -24.07217     4.01307
299.000     6.73052    -24.10589     4.02312
300.000     6.60250    -24.13942     4.03319
