 1.000     0.00010     -0.00000    0.00009  
  2.000     0.00044     -0.00001    0.00084  
  3.000     0.00096     -0.00005    0.00297  
  4.000     0.00159     -0.00015    0.00700  
  5.000     0.00227     -0.00035    0.01325  
  6.000     0.00298     -0.00068    0.02192  
  7.000     0.00372     -0.00116    0.03306  
  8.000     0.00447     -0.00184    0.04666  
  9.000     0.00528     -0.00272    0.06268  
 10.000     0.00615     -0.00383    0.08100  
 11.000     0.00713     -0.00519    0.10153  
 12.000     0.00824     -0.00679    0.12411  
 13.000     0.00952     -0.00867    0.14863  
 14.000     0.01100     -0.01082    0.17495  
 15.000     0.01270     -0.01324    0.20293  
 16.000     0.01467     -0.01595    0.23246  
 17.000     0.01692     -0.01894    0.26339  
 18.000     0.01948     -0.02221    0.29564  
 19.000     0.02237     -0.02576    0.32907  
 20.000     0.02562     -0.02960    0.36359  
 21.000     0.02924     -0.03372    0.39910  
 22.000     0.03324     -0.03812    0.43552  
 23.000     0.03765     -0.04279    0.47275  
 24.000     0.04247     -0.04774    0.51073  
 25.000     0.04772     -0.05295    0.54937  
 26.000     0.05340     -0.05843    0.58862  
 27.000     0.05952     -0.06417    0.62841  
 28.000     0.06609     -0.07017    0.66868  
 29.000     0.07311     -0.07642    0.70938  
 30.000     0.08059     -0.08292    0.75046  
 31.000     0.08852     -0.08967    0.79187  
 32.000     0.09691     -0.09665    0.83357  
 33.000     0.10576     -0.10387    0.87553  
 34.000     0.11507     -0.11132    0.91770  
 35.000     0.12484     -0.11900    0.96005  
 36.000     0.13506     -0.12690    1.00256  
 37.000     0.14573     -0.13502    1.04518  
 38.000     0.15686     -0.14335    1.08790  
 39.000     0.16843     -0.15189    1.13068  
 40.000     0.18044     -0.16064    1.17352  
 41.000     0.19289     -0.16959    1.21637  
 42.000     0.20577     -0.17873    1.25924  
 43.000     0.21908     -0.18807    1.30208  
 44.000     0.23281     -0.19759    1.34490  
 45.000     0.24695     -0.20730    1.38767  
 46.000     0.26150     -0.21719    1.43038  
 47.000     0.27646     -0.22726    1.47301  
 48.000     0.29181     -0.23750    1.51555  
 49.000     0.30756     -0.24791    1.55800  
 50.000     0.32368     -0.25848    1.60033  
 51.000     0.34018     -0.26922    1.64254  
 52.000     0.35705     -0.28011    1.68462  
 53.000     0.37428     -0.29117    1.72656  
 54.000     0.39186     -0.30237    1.76835  
 55.000     0.40979     -0.31372    1.80999  
 56.000     0.42805     -0.32521    1.85147  
 57.000     0.44665     -0.33685    1.89278  
 58.000     0.46558     -0.34863    1.93391  
 59.000     0.48481     -0.36054    1.97487  
 60.000     0.50436     -0.37258    2.01564  
 61.000     0.52421     -0.38476    2.05621  
 62.000     0.54435     -0.39705    2.09660  
 63.000     0.56478     -0.40948    2.13679  
 64.000     0.58548     -0.42202    2.17678  
 65.000     0.60646     -0.43469    2.21656  
 66.000     0.62770     -0.44747    2.25614  
 67.000     0.64919     -0.46036    2.29551  
 68.000     0.67094     -0.47336    2.33466  
 69.000     0.69292     -0.48647    2.37360  
 70.000     0.71514     -0.49969    2.41232  
 71.000     0.73759     -0.51301    2.45082  
 72.000     0.76025     -0.52643    2.48910  
 73.000     0.78313     -0.53994    2.52716  
 74.000     0.80621     -0.55355    2.56500  
 75.000     0.82949     -0.56726    2.60261  
 76.000     0.85296     -0.58105    2.63999  
 77.000     0.87662     -0.59494    2.67715  
 78.000     0.90045     -0.60891    2.71408  
 79.000     0.92446     -0.62296    2.75079  
 80.000     0.94863     -0.63710    2.78726  
 81.000     0.97295     -0.65132    2.82351  
 82.000     0.99743     -0.66562    2.85952  
 83.000     1.02205     -0.67999    2.89531  
 84.000     1.04681     -0.69444    2.93087  
 85.000     1.07170     -0.70896    2.96620  
 86.000     1.09672     -0.72354    3.00130  
 87.000     1.12186     -0.73820    3.03617  
 88.000     1.14711     -0.75293    3.07081  
 89.000     1.17247     -0.76772    3.10522  
 90.000     1.19793     -0.78257    3.13940  
 91.000     1.22349     -0.79749    3.17335  
 92.000     1.24914     -0.81246    3.20708  
 93.000     1.27487     -0.82749    3.24058  
 94.000     1.30068     -0.84258    3.27386  
 95.000     1.32657     -0.85773    3.30690  
 96.000     1.35252     -0.87292    3.33972  
 97.000     1.37854     -0.88817    3.37232  
 98.000     1.40461     -0.90347    3.40469  
 99.000     1.43074     -0.91882    3.43684  
100.000     1.45691     -0.93422    3.46877  
101.000     1.48313     -0.94966    3.50047  
102.000     1.50938     -0.96514    3.53195  
103.000     1.53567     -0.98067    3.56322  
104.000     1.56199     -0.99624    3.59426  
105.000     1.58833     -1.01185    3.62509  
106.000     1.61468     -1.02750    3.65570  
107.000     1.64105     -1.04319    3.68609  
108.000     1.66744     -1.05891    3.71626  
109.000     1.69382     -1.07467    3.74623  
110.000     1.72021     -1.09046    3.77597  
111.000     1.74660     -1.10628    3.80551  
112.000     1.77297     -1.12214    3.83484  
113.000     1.79934     -1.13803    3.86395  
114.000     1.82569     -1.15394    3.89286  
115.000     1.85202     -1.16988    3.92155  
116.000     1.87833     -1.18585    3.95004  
117.000     1.90461     -1.20184    3.97833  
118.000     1.93086     -1.21786    4.00641  
119.000     1.95708     -1.23390    4.03428  
120.000     1.98326     -1.24996    4.06196  
121.000     2.00940     -1.26604    4.08943  
122.000     2.03549     -1.28215    4.11670  
123.000     2.06154     -1.29827    4.14377  
124.000     2.08753     -1.31441    4.17065  
125.000     2.11347     -1.33056    4.19733  
126.000     2.13935     -1.34673    4.22381  
127.000     2.16517     -1.36292    4.25010  
128.000     2.19093     -1.37912    4.27619  
129.000     2.21662     -1.39533    4.30210  
130.000     2.24224     -1.41155    4.32781  
131.000     2.26779     -1.42779    4.35333  
132.000     2.29326     -1.44404    4.37867  
133.000     2.31865     -1.46029    4.40381  
134.000     2.34397     -1.47656    4.42877  
135.000     2.36920     -1.49283    4.45355  
136.000     2.39434     -1.50911    4.47814  
137.000     2.41939     -1.52539    4.50255  
138.000     2.44436     -1.54168    4.52678  
139.000     2.46923     -1.55798    4.55083  
140.000     2.49400     -1.57427    4.57470  
141.000     2.51868     -1.59057    4.59839  
142.000     2.54325     -1.60687    4.62191  
143.000     2.56773     -1.62318    4.64525  
144.000     2.59209     -1.63948    4.66842  
145.000     2.61636     -1.65578    4.69141  
146.000     2.64051     -1.67209    4.71423  
147.000     2.66455     -1.68838    4.73689  
148.000     2.68848     -1.70468    4.75937  
149.000     2.71230     -1.72098    4.78168  
150.000     2.73600     -1.73727    4.80383  
151.000     2.75958     -1.75355    4.82581  
152.000     2.78304     -1.76983    4.84763  
153.000     2.80638     -1.78611    4.86928  
154.000     2.82959     -1.80238    4.89077  
155.000     2.85269     -1.81864    4.91210  
156.000     2.87565     -1.83489    4.93327  
157.000     2.89849     -1.85114    4.95428  
158.000     2.92120     -1.86738    4.97514  
159.000     2.94377     -1.88360    4.99583  
160.000     2.96622     -1.89982    5.01638  
161.000     2.98853     -1.91603    5.03676  
162.000     3.01071     -1.93223    5.05700  
163.000     3.03275     -1.94841    5.07708  
164.000     3.05465     -1.96458    5.09701  
165.000     3.07642     -1.98074    5.11679  
166.000     3.09804     -1.99688    5.13643  
167.000     3.11953     -2.01301    5.15591  
168.000     3.14087     -2.02913    5.17525  
169.000     3.16207     -2.04523    5.19445  
170.000     3.18313     -2.06132    5.21350  
171.000     3.20404     -2.07738    5.23240  
172.000     3.22481     -2.09343    5.25117  
173.000     3.24543     -2.10947    5.26979  
174.000     3.26590     -2.12548    5.28828  
175.000     3.28622     -2.14148    5.30662  
176.000     3.30640     -2.15746    5.32483  
177.000     3.32643     -2.17342    5.34290  
178.000     3.34630     -2.18937    5.36084  
179.000     3.36603     -2.20529    5.37864  
180.000     3.38560     -2.22119    5.39631  
181.000     3.40502     -2.23707    5.41384  
182.000     3.42429     -2.25292    5.43125  
183.000     3.44340     -2.26876    5.44852  
184.000     3.46236     -2.28458    5.46566  
185.000     3.48117     -2.30037    5.48268  
186.000     3.49982     -2.31614    5.49957  
187.000     3.51831     -2.33189    5.51633  
188.000     3.53665     -2.34761    5.53296  
189.000     3.55483     -2.36331    5.54948  
190.000     3.57286     -2.37899    5.56586  
191.000     3.59073     -2.39464    5.58213  
192.000     3.60844     -2.41027    5.59828  
193.000     3.62599     -2.42587    5.61430  
194.000     3.64338     -2.44145    5.63020  
195.000     3.66062     -2.45700    5.64599  
196.000     3.67770     -2.47252    5.66166  
197.000     3.69462     -2.48802    5.67721  
198.000     3.71137     -2.50349    5.69265  
199.000     3.72797     -2.51894    5.70797  
200.000     3.74441     -2.53435    5.72318  
201.000     3.76069     -2.54974    5.73827  
202.000     3.77682     -2.56510    5.75325  
203.000     3.79278     -2.58044    5.76813  
204.000     3.80858     -2.59574    5.78289  
205.000     3.82422     -2.61101    5.79754  
206.000     3.83970     -2.62626    5.81209  
207.000     3.85503     -2.64147    5.82652  
208.000     3.87019     -2.65666    5.84085  
209.000     3.88519     -2.67182    5.85508  
210.000     3.90003     -2.68694    5.86920  
211.000     3.91472     -2.70204    5.88321  
212.000     3.92924     -2.71710    5.89712  
213.000     3.94361     -2.73213    5.91094  
214.000     3.95781     -2.74713    5.92464  
215.000     3.97186     -2.76210    5.93825  
216.000     3.98574     -2.77704    5.95176  
217.000     3.99947     -2.79195    5.96517  
218.000     4.01304     -2.80682    5.97848  
219.000     4.02645     -2.82166    5.99170  
220.000     4.03970     -2.83647    6.00481  
221.000     4.05279     -2.85125    6.01784  
222.000     4.06573     -2.86599    6.03077  
223.000     4.07850     -2.88070    6.04360  
224.000     4.09112     -2.89538    6.05634  
225.000     4.10358     -2.91002    6.06899  
226.000     4.11589     -2.92463    6.08154  
227.000     4.12804     -2.93920    6.09401  
228.000     4.14003     -2.95374    6.10639  
229.000     4.15187     -2.96825    6.11867  
230.000     4.16355     -2.98272    6.13087  
231.000     4.17508     -2.99715    6.14298  
232.000     4.18645     -3.01155    6.15500  
233.000     4.19766     -3.02592    6.16694  
234.000     4.20872     -3.04025    6.17879  
235.000     4.21963     -3.05454    6.19055  
236.000     4.23039     -3.06880    6.20224  
237.000     4.24099     -3.08302    6.21384  
238.000     4.25144     -3.09721    6.22535  
239.000     4.26174     -3.11136    6.23679  
240.000     4.27188     -3.12547    6.24814  
241.000     4.28188     -3.13955    6.25941  
242.000     4.29172     -3.15359    6.27060  
243.000     4.30142     -3.16759    6.28171  
244.000     4.31096     -3.18156    6.29275  
245.000     4.32035     -3.19549    6.30371  
246.000     4.32960     -3.20938    6.31459  
247.000     4.33870     -3.22323    6.32539  
248.000     4.34765     -3.23705    6.33612  
249.000     4.35645     -3.25083    6.34677  
250.000     4.36510     -3.26458    6.35734  
251.000     4.37361     -3.27828    6.36785  
252.000     4.38197     -3.29195    6.37828  
253.000     4.39019     -3.30558    6.38864  
254.000     4.39826     -3.31917    6.39892  
255.000     4.40619     -3.33273    6.40914  
256.000     4.41397     -3.34625    6.41928  
257.000     4.42162     -3.35973    6.42935  
258.000     4.42911     -3.37317    6.43936  
259.000     4.43647     -3.38657    6.44929  
260.000     4.44369     -3.39994    6.45916  
261.000     4.45076     -3.41326    6.46896  
262.000     4.45769     -3.42655    6.47869  
263.000     4.46449     -3.43980    6.48836  
264.000     4.47114     -3.45301    6.49796  
265.000     4.47766     -3.46618    6.50749  
266.000     4.48404     -3.47932    6.51697  
267.000     4.49028     -3.49241    6.52637  
268.000     4.49639     -3.50547    6.53572  
269.000     4.50235     -3.51848    6.54500  
270.000     4.50819     -3.53146    6.55421  
271.000     4.51389     -3.54440    6.56337  
272.000     4.51945     -3.55730    6.57246  
273.000     4.52488     -3.57016    6.58150  
274.000     4.53018     -3.58298    6.59047  
275.000     4.53535     -3.59576    6.59939  
276.000     4.54038     -3.60849    6.60824  
277.000     4.54529     -3.62120    6.61704  
278.000     4.55006     -3.63386    6.62578  
279.000     4.55471     -3.64648    6.63446  
280.000     4.55922     -3.65906    6.64308  
281.000     4.56361     -3.67160    6.65165  
282.000     4.56787     -3.68410    6.66016  
283.000     4.57200     -3.69656    6.66862  
284.000     4.57601     -3.70898    6.67702  
285.000     4.57989     -3.72136    6.68536  
286.000     4.58364     -3.73370    6.69366  
287.000     4.58728     -3.74600    6.70190  
288.000     4.59078     -3.75826    6.71008  
289.000     4.59417     -3.77048    6.71821  
290.000     4.59743     -3.78266    6.72630  
291.000     4.60057     -3.79480    6.73433  
292.000     4.60359     -3.80690    6.74230  
293.000     4.60649     -3.81896    6.75023  
294.000     4.60927     -3.83098    6.75811  
295.000     4.61193     -3.84296    6.76594  
296.000     4.61448     -3.85489    6.77372  
297.000     4.61690     -3.86679    6.78145  
298.000     4.61921     -3.87865    6.78913  
299.000     4.62140     -3.89047    6.79676  
300.000     4.62348     -3.90225    6.80435  
