 1.000    -0.00003  
  2.000    -0.00025  
  3.000    -0.00089  
  4.000    -0.00214  
  5.000    -0.00411  
  6.000    -0.00690  
  7.000    -0.01054  
  8.000    -0.01506  
  9.000    -0.02045  
 10.000    -0.02670  
 11.000    -0.03418  
 12.000    -0.04166  
 13.000    -0.05066  
 14.000    -0.05966  
 15.000    -0.07002  
 16.000    -0.08038  
 17.000    -0.09194  
 18.000    -0.10350  
 19.000    -0.11611  
 20.000    -0.12872  
 21.000    -0.14223  
 22.000    -0.15574  
 23.000    -0.17003  
 24.000    -0.18431  
 25.000    -0.19910  
 26.000    -0.21420  
 27.000    -0.22970  
 28.000    -0.24520  
 29.000    -0.26116  
 30.000    -0.27713  
 31.000    -0.29371  
 32.000    -0.31028  
 33.000    -0.32686  
 34.000    -0.34344  
 35.000    -0.36001  
 36.000    -0.37715  
 37.000    -0.39430  
 38.000    -0.41144  
 39.000    -0.42858  
 40.000    -0.44572  
 41.000    -0.46313  
 42.000    -0.48054  
 43.000    -0.49795  
 44.000    -0.51536  
 45.000    -0.53277  
 46.000    -0.55023  
 47.000    -0.56769  
 48.000    -0.58516  
 49.000    -0.60262  
 50.000    -0.62008  
 51.000    -0.63744  
 52.000    -0.65480  
 53.000    -0.67216  
 54.000    -0.68952  
 55.000    -0.70688  
 56.000    -0.72402  
 57.000    -0.74116  
 58.000    -0.75831  
 59.000    -0.77545  
 60.000    -0.79259  
 61.000    -0.80943  
 62.000    -0.82627  
 63.000    -0.84311  
 64.000    -0.85995  
 65.000    -0.87680  
 66.000    -0.89328  
 67.000    -0.90976  
 68.000    -0.92624  
 69.000    -0.94272  
 70.000    -0.95920  
 71.000    -0.97528  
 72.000    -0.99137  
 73.000    -1.00745  
 74.000    -1.02353  
 75.000    -1.03961  
 76.000    -1.05526  
 77.000    -1.07091  
 78.000    -1.08656  
 79.000    -1.10221  
 80.000    -1.11786  
 81.000    -1.13306  
 82.000    -1.14827  
 83.000    -1.16347  
 84.000    -1.17867  
 85.000    -1.19387  
 86.000    -1.20862  
 87.000    -1.22336  
 88.000    -1.23810  
 89.000    -1.25285  
 90.000    -1.26759  
 91.000    -1.28187  
 92.000    -1.29615  
 93.000    -1.31043  
 94.000    -1.32471  
 95.000    -1.33899  
 96.000    -1.35281  
 97.000    -1.36662  
 98.000    -1.38044  
 99.000    -1.39425  
100.000    -1.40806  
101.000    -1.42134  
102.000    -1.43431  
103.000    -1.44739  
104.000    -1.46056  
105.000    -1.47370  
106.000    -1.48680  
107.000    -1.49989  
108.000    -1.51305  
109.000    -1.52632  
110.000    -1.53930  
111.000    -1.55166  
112.000    -1.56374  
113.000    -1.57592  
114.000    -1.58818  
115.000    -1.60043  
116.000    -1.61263  
117.000    -1.62481  
118.000    -1.63707  
119.000    -1.64943  
120.000    -1.66152  
121.000    -1.67301  
122.000    -1.68423  
123.000    -1.69554  
124.000    -1.70694  
125.000    -1.71832  
126.000    -1.72965  
127.000    -1.74097  
128.000    -1.75236  
129.000    -1.76385  
130.000    -1.77507  
131.000    -1.78574  
132.000    -1.79613  
133.000    -1.80663  
134.000    -1.81719  
135.000    -1.82774  
136.000    -1.83825  
137.000    -1.84875  
138.000    -1.85931  
139.000    -1.86996  
140.000    -1.88037  
141.000    -1.89024  
142.000    -1.89986  
143.000    -1.90957  
144.000    -1.91935  
145.000    -1.92911  
146.000    -1.93884  
147.000    -1.94855  
148.000    -1.95833  
149.000    -1.96819  
150.000    -1.97782  
151.000    -1.98694  
152.000    -1.99582  
153.000    -2.00479  
154.000    -2.01383  
155.000    -2.02284  
156.000    -2.03183  
157.000    -2.04080  
158.000    -2.04978  
159.000    -2.05884  
160.000    -2.06784  
161.000    -2.07628  
162.000    -2.08444  
163.000    -2.09269  
164.000    -2.10103  
165.000    -2.10935  
166.000    -2.11763  
167.000    -2.12590  
168.000    -2.13423  
169.000    -2.14263  
170.000    -2.15083  
171.000    -2.15857  
172.000    -2.16610  
173.000    -2.17370  
174.000    -2.18137  
175.000    -2.18902  
176.000    -2.19664  
177.000    -2.20424  
178.000    -2.21191  
179.000    -2.21964  
180.000    -2.22718  
181.000    -2.23429  
182.000    -2.24119  
183.000    -2.24817  
184.000    -2.25521  
185.000    -2.26223  
186.000    -2.26923  
187.000    -2.27621  
188.000    -2.28324  
189.000    -2.29034  
190.000    -2.29726  
191.000    -2.30376  
192.000    -2.31008  
193.000    -2.31646  
194.000    -2.32290  
195.000    -2.32932  
196.000    -2.33573  
197.000    -2.34212  
198.000    -2.34855  
199.000    -2.35502  
200.000    -2.36137  
201.000    -2.36748  
202.000    -2.37336  
203.000    -2.37912  
204.000    -2.38484  
205.000    -2.39060  
206.000    -2.39647  
207.000    -2.40239  
208.000    -2.40831  
209.000    -2.41415  
210.000    -2.41983  
211.000    -2.42532  
212.000    -2.43065  
213.000    -2.43589  
214.000    -2.44111  
215.000    -2.44637  
216.000    -2.45171  
217.000    -2.45710  
218.000    -2.46247  
219.000    -2.46776  
220.000    -2.47291  
221.000    -2.47787  
222.000    -2.48269  
223.000    -2.48742  
224.000    -2.49213  
225.000    -2.49688  
226.000    -2.50171  
227.000    -2.50658  
228.000    -2.51144  
229.000    -2.51621  
230.000    -2.52085  
231.000    -2.52531  
232.000    -2.52964  
233.000    -2.53388  
234.000    -2.53811  
235.000    -2.54237  
236.000    -2.54671  
237.000    -2.55109  
238.000    -2.55545  
239.000    -2.55973  
240.000    -2.56389  
241.000    -2.56787  
242.000    -2.57173  
243.000    -2.57551  
244.000    -2.57927  
245.000    -2.58306  
246.000    -2.58693  
247.000    -2.59083  
248.000    -2.59472  
249.000    -2.59854  
250.000    -2.60223  
251.000    -2.60576  
252.000    -2.60916  
253.000    -2.61249  
254.000    -2.61579  
255.000    -2.61914  
256.000    -2.62255  
257.000    -2.62600  
258.000    -2.62944  
259.000    -2.63280  
260.000    -2.63604  
261.000    -2.63913  
262.000    -2.64209  
263.000    -2.64498  
264.000    -2.64785  
265.000    -2.65076  
266.000    -2.65373  
267.000    -2.65674  
268.000    -2.65974  
269.000    -2.66266  
270.000    -2.66547  
271.000    -2.66813  
272.000    -2.67067  
273.000    -2.67314  
274.000    -2.67559  
275.000    -2.67808  
276.000    -2.68063  
277.000    -2.68321  
278.000    -2.68578  
279.000    -2.68829  
280.000    -2.69068  
281.000    -2.69292  
282.000    -2.69505  
283.000    -2.69711  
284.000    -2.69916  
285.000    -2.70124  
286.000    -2.70338  
287.000    -2.70555  
288.000    -2.70771  
289.000    -2.70981  
290.000    -2.71180  
291.000    -2.71364  
292.000    -2.71537  
293.000    -2.71704  
294.000    -2.71869  
295.000    -2.72037  
296.000    -2.72211  
297.000    -2.72389  
298.000    -2.72565  
299.000    -2.72735  
300.000    -2.72894  
