# Tlab    np 1S0    np 3S1     np E1    np 1P1    np 3P1    np 3P0    np 3P2     np E2    np 3D1  np 3F2 
    1        29.89      -12.826    0.0951927    -0.190837    -0.126867     0.289842   0.00373738   -0.00158994   -0.0032619   1.27177e-05
    2      37.1668     -18.0579     0.245524    -0.490312    -0.333096     0.793728    0.0119456   -0.00795291   -0.0168582   0.000124222
    3      41.0999     -22.0162     0.413541    -0.824101    -0.571147      1.41481     0.023952   -0.0195352    -0.042645   0.000446935
    4      43.5925      -25.306     0.586493     -1.16789    -0.824575      2.11725    0.0393437    -0.035997   -0.0807044   0.00107253
    5      45.3131     -28.1637     0.758177      -1.5103     -1.08501      2.88046    0.0577449   -0.0567949    -0.130476   0.00206677
    6      46.5676     -30.7112     0.925323     -1.84553     -1.34769      3.69079    0.0788125   -0.0813565    -0.191143    0.0034727
    7      47.5179     -33.0215      1.08619     -2.17059     -1.60977      4.53841     0.102237    -0.109143     -0.26181   0.00531524
    8      48.2586     -35.1428       1.2399     -2.48403     -1.86951      5.41587     0.127741    -0.139671     -0.34158   0.00760553
    9      48.8484     -37.1086      1.38608     -2.78526     -2.12582      6.31725     0.155081    -0.172516      -0.4296    0.0103445
   10      49.3263     -38.9436      1.52467     -3.07422     -2.37805      7.23769     0.184036    -0.207309    -0.525073    0.0135258
   11      49.7186     -40.6664      1.65576     -3.35112     -2.62582      8.17313     0.214415    -0.243733    -0.627271    0.0171379
   12      50.0441     -42.2919       1.7796     -3.61633     -2.86893      9.12005     0.246045    -0.281514    -0.735529    0.0211655
   13      50.3166     -43.8316      1.89645     -3.87034      -3.1073      10.0754     0.278775    -0.320418    -0.849247    0.0255912
   14      50.5462     -45.2952      2.00663     -4.11365     -3.34095      11.0364     0.312469    -0.360242    -0.967882    0.0303963
   15      50.7406     -46.6907      2.11048     -4.34679     -3.56992      12.0008     0.347006    -0.400813     -1.09095     0.035561
   16      50.9059     -48.0246      2.20833     -4.57031     -3.79431      12.9662     0.382279    -0.441982       -1.218    0.0410657
   17      51.0467     -49.3027      2.30048      -4.7847     -4.01424      13.9308     0.418191     -0.48362     -1.34864    0.0468905
   18      51.1667     -50.5298      2.38727     -4.99046     -4.22984      14.8927     0.454656    -0.525617     -1.48252    0.0530161
   19      51.2691     -51.7102      2.46898     -5.18805     -4.44124      15.8502     0.491597    -0.567875     -1.61931    0.0594238
   20      51.3562     -52.8475      2.54591     -5.37793     -4.64859      16.8018     0.528944    -0.610314     -1.75873    0.0660954
   21      51.4301     -53.9449      2.61831     -5.56051     -4.85203      17.7462     0.566634     -0.65286     -1.90051    0.0730133
   22      51.4924     -55.0055      2.68644     -5.73617     -5.05171      18.6821     0.604611    -0.695451     -2.04441    0.0801611
   23      51.5446     -56.0316      2.75054     -5.90529     -5.24775      19.6084     0.642824    -0.738035     -2.19023    0.0875229
   24      51.5877     -57.0256      2.81083      -6.0682      -5.4403       20.524     0.681225    -0.780564     -2.33777    0.0950836
   25      51.6229     -57.9895      2.86751     -6.22523     -5.62949      21.4281     0.719775    -0.822998     -2.48685     0.102829
   26      51.6509     -58.9252      2.92078     -6.37668     -5.81543      22.3196     0.758433    -0.865301     -2.63731     0.110745
   27      51.6726     -59.8344      2.97083     -6.52283     -5.99826       23.198     0.797167    -0.907445     -2.78901      0.11882
   28      51.6885     -60.7186      3.01781     -6.66393     -6.17809      24.0626     0.835944    -0.949401     -2.94182     0.127041
   29      51.6991     -61.5793       3.0619     -6.80025     -6.35502      24.9127     0.874737    -0.991148     -3.09561     0.135398
   30       51.705     -62.4176      3.10323       -6.932     -6.52916      25.7479     0.913518     -1.03267     -3.25029     0.143878
   31      51.7066     -63.2348      3.14195      -7.0594     -6.70062      26.5678     0.952265     -1.07394     -3.40574     0.152473
   32      51.7043     -64.0319      3.17819     -7.18266     -6.86949       27.372     0.990955     -1.11495     -3.56188     0.161172
   33      51.6983       -64.81      3.21206     -7.30197     -7.03586      28.1602      1.02957     -1.15569     -3.71863     0.169967
   34       51.689       -65.57      3.24369      -7.4175     -7.19981      28.9321      1.06809     -1.19615      -3.8759      0.17885
   35      51.6766     -66.3127      3.27319     -7.52942     -7.36144      29.6877       1.1065     -1.23631     -4.03364     0.187812
   36      51.6614     -67.0389      3.30065     -7.63788     -7.52082      30.4267      1.14479     -1.27617     -4.19177     0.196845
   37      51.6435     -67.7495      3.32616     -7.74305     -7.67802      31.1492      1.18293     -1.31573     -4.35024     0.205944
   38      51.6231      -68.445      3.34982     -7.84505     -7.83313       31.855      1.22093     -1.35498       -4.509     0.215101
   39      51.6005     -69.1261      3.37171     -7.94402      -7.9862      32.5442      1.25876     -1.39391     -4.66799      0.22431
   40      51.5757     -69.7935      3.39191     -8.04008      -8.1373      33.2169      1.29642     -1.43252     -4.82718     0.233565
   41      51.5488     -70.4476       3.4105     -8.13335      -8.2865       33.873      1.33389     -1.47081     -4.98652     0.242861
   42      51.5201     -71.0891      3.42753     -8.22394     -8.43386      34.5128      1.37118     -1.50878     -5.14597     0.252192
   43      51.4896     -71.7184      3.44309     -8.31196     -8.57943      35.1363      1.40826     -1.54642     -5.30551     0.261553
   44      51.4575     -72.3361      3.45723     -8.39751     -8.72327      35.7438      1.44514     -1.58374     -5.46509     0.270941
   45      51.4237     -72.9425      3.47002     -8.48067     -8.86542      36.3354       1.4818     -1.62073     -5.62469      0.28035
   46      51.3885     -73.5381       3.4815     -8.56155     -9.00595      36.9112      1.51825      -1.6574     -5.78428     0.289776
   47      51.3518     -74.1233      3.49173     -8.64021      -9.1449      37.4716      1.55447     -1.69374     -5.94384     0.299216
   48      51.3137     -74.6984      3.50076     -8.71675     -9.28231      38.0167      1.59046     -1.72975     -6.10334     0.308665
   49      51.2744     -75.2639      3.50864     -8.79124     -9.41822      38.5469      1.62622     -1.76545     -6.26278     0.318121
   50      51.2339       -75.82      3.51541     -8.86375     -9.55269      39.0623      1.66173     -1.80081     -6.42211      0.32758
   51      51.1921     -76.3671      3.52112     -8.93436     -9.68575      39.5632      1.69701     -1.83586     -6.58134     0.337039
   52      51.1493     -76.9054       3.5258     -9.00311     -9.81744      40.0499      1.73204     -1.87059     -6.74044     0.346495
   53      51.1054     -77.4354       3.5295     -9.07009     -9.94779      40.5226      1.76682       -1.905      -6.8994     0.355946
   54      51.0604     -77.9572      3.53226     -9.13535     -10.0768      40.9817      1.80136     -1.93909      -7.0582     0.365388
   55      51.0145     -78.4711      3.53409     -9.19894     -10.2046      41.4274      1.83563     -1.97287     -7.21684     0.374819
   56      50.9676     -78.9774      3.53505     -9.26093     -10.3312        41.86      1.86966     -2.00634     -7.37529     0.384238
   57      50.9198     -79.4763      3.53516     -9.32135     -10.4566      42.2798      1.90342      -2.0395     -7.53356     0.393641
   58      50.8711      -79.968      3.53446     -9.38026     -10.5807      42.6871      1.93693     -2.07235     -7.69164     0.403027
   59      50.8215     -80.4528      3.53296     -9.43771     -10.7038      43.0821      1.97018     -2.10489     -7.84951     0.412394
   60      50.7712     -80.9309       3.5307     -9.49374     -10.8257      43.4652      2.00316     -2.13713     -8.00716     0.421739
   61        50.72     -81.4024      3.52771      -9.5484     -10.9466      43.8365      2.03588     -2.16907     -8.16459     0.431062
   62      50.6681     -81.8676        3.524     -9.60173     -11.0664      44.1964      2.06834     -2.20072      -8.3218      0.44036
   63      50.6154     -82.3267      3.51961     -9.65376     -11.1851      44.5452      2.10054     -2.23206     -8.47878     0.449633
   64       50.562     -82.7797      3.51455     -9.70453     -11.3029      44.8832      2.13247     -2.26311     -8.63552     0.458877
   65      50.5079      -83.227      3.50886     -9.75408     -11.4196      45.2105      2.16413     -2.29387     -8.79201     0.468093
   66      50.4531     -83.6686      3.50254     -9.80245     -11.5354      45.5274      2.19553     -2.32434     -8.94827     0.477278
   67      50.3977     -84.1047      3.49562     -9.84967     -11.6503      45.8343      2.22667     -2.35453     -9.10427     0.486432
   68      50.3416     -84.5355      3.48813     -9.89576     -11.7642      46.1313      2.25754     -2.38443     -9.26002     0.495553
   69      50.2848     -84.9611      3.48007     -9.94076     -11.8772      46.4187      2.28814     -2.41405     -9.41551      0.50464
   70      50.2275     -85.3817      3.47146      -9.9847     -11.9894      46.6968      2.31848     -2.44339     -9.57075     0.513692
   71      50.1695     -85.7973      3.46233     -10.0276     -12.1007      46.9657      2.34855     -2.47245     -9.72572     0.522708
   72       50.111     -86.2081      3.45268     -10.0695     -12.2111      47.2258      2.37835     -2.50124     -9.88043     0.531687
   73      50.0518     -86.6143      3.44254     -10.1104     -12.3207      47.4772      2.40789     -2.52975     -10.0349     0.540629
   74      49.9922     -87.0159      3.43192     -10.1504     -12.4295      47.7201      2.43717     -2.55799     -10.1891     0.549531
   75      49.9319     -87.4131      3.42084     -10.1894     -12.5375      47.9548      2.46618     -2.58597      -10.343     0.558395
   76      49.8711     -87.8059       3.4093     -10.2276     -12.6447      48.1815      2.49493     -2.61368     -10.4966     0.567217
   77      49.8098     -88.1946      3.39732     -10.2648     -12.7511      48.4003      2.52342     -2.64113       -10.65     0.575999
   78       49.748     -88.5791      3.38492     -10.3012     -12.8568      48.6116      2.55164     -2.66831     -10.8031     0.584739
   79      49.6857     -88.9596      3.37211     -10.3367     -12.9618      48.8154       2.5796     -2.69524      -10.956     0.593437
   80      49.6228     -89.3362       3.3589     -10.3715      -13.066       49.012       2.6073     -2.72191     -11.1086     0.602092
   81      49.5595      -89.709      3.34529     -10.4054     -13.1696      49.2015      2.63474     -2.74832     -11.2609     0.610703
   82      49.4957      89.9219     -3.33131     -10.4385     -13.2724      49.3841      2.66192     -2.77449     -11.4129     0.619269
   83      49.4314      89.5564     -3.31696     -10.4708     -13.3745      49.5601      2.68885     -2.80039     -11.5647     0.627792
   84      49.3666      89.1946     -3.30226     -10.5024      -13.476      49.7295      2.71551     -2.82606     -11.7162     0.636269
   85      49.3014      88.8362     -3.28721     -10.5333     -13.5768      49.8925      2.74192     -2.85147     -11.8674       0.6447
   86      49.2357      88.4811     -3.27182     -10.5635      -13.677      50.0494      2.76807     -2.87664     -12.0184     0.653085
   87      49.1696      88.1294      -3.2561     -10.5929     -13.7765      50.2002      2.79396     -2.90156     -12.1691     0.661424
   88       49.103       87.781     -3.24007     -10.6217     -13.8754       50.345      2.81961     -2.92625     -12.3195     0.669715
   89       49.036      87.4357     -3.22372     -10.6497     -13.9737      50.4842      2.84499     -2.95069     -12.4697     0.677959
   90      48.9686      87.0935     -3.20708     -10.6772     -14.0713      50.6177      2.87013     -2.97489     -12.6196     0.686156
   91      48.9007      86.7543     -3.19014     -10.7039     -14.1684      50.7457      2.89501     -2.99886     -12.7692     0.694304
   92      48.8324      86.4181     -3.17292     -10.7301     -14.2649      50.8684      2.91965      -3.0226     -12.9186     0.702404
   93      48.7637      86.0848     -3.15542     -10.7556     -14.3608      50.9859      2.94403      -3.0461     -13.0677     0.710456
   94      48.6946      85.7543     -3.13766     -10.7805     -14.4561      51.0983      2.96817     -3.06937     -13.2166     0.718458
   95      48.6251      85.4266     -3.11963     -10.8048     -14.5508      51.2058      2.99205     -3.09241     -13.3652     0.726411
   96      48.5552      85.1016     -3.10134     -10.8285      -14.645      51.3084       3.0157     -3.11522     -13.5135     0.734315
   97      48.4849      84.7792     -3.08281     -10.8517     -14.7387      51.4063      3.03909     -3.13781     -13.6616     0.742169
   98      48.4142      84.4595     -3.06404     -10.8742     -14.8318      51.4996      3.06224     -3.16017     -13.8094     0.749973
   99      48.3431      84.1423     -3.04503     -10.8963     -14.9244      51.5884      3.08515     -3.18231      -13.957     0.757727
  100      48.2716      83.8276     -3.02579     -10.9178     -15.0164      51.6729      3.10782     -3.20422     -14.1043      0.76543
  101      48.1998      83.5154     -3.00633     -10.9387      -15.108       51.753      3.13024     -3.22591     -14.2514     0.773082
  102      48.1275      83.2055     -2.98665     -10.9591      -15.199      51.8289      3.15243     -3.24739     -14.3982     0.780684
  103      48.0549       82.898     -2.96676      -10.979     -15.2895      51.9008      3.17437     -3.26865     -14.5447     0.788235
  104      47.9819      82.5928     -2.94666     -10.9984     -15.3795      51.9687      3.19608     -3.28969     -14.6911     0.795735
  105      47.9086      82.2898     -2.92636     -11.0173      -15.469      52.0326      3.21755     -3.31051     -14.8371     0.803183
  106      47.8349      81.9891     -2.90587     -11.0357      -15.558      52.0928      3.23878     -3.33112     -14.9829      0.81058
  107      47.7608      81.6905     -2.88519     -11.0536     -15.6466      52.1492      3.25978     -3.35152     -15.1285     0.817925
  108      47.6864       81.394     -2.86433      -11.071     -15.7346       52.202      3.28054     -3.37171     -15.2738     0.825219
  109      47.6116      81.0996     -2.84328      -11.088     -15.8222      52.2513      3.30107     -3.39168     -15.4189     0.832461
  110      47.5365      80.8073     -2.82206     -11.1045     -15.9093      52.2971      3.32137     -3.41145     -15.5638     0.839651
  111       47.461      80.5169     -2.80067     -11.1205      -15.996      52.3394      3.34144     -3.43101     -15.7084     0.846789
  112      47.3851      80.2285     -2.77911     -11.1361     -16.0822      52.3785      3.36128     -3.45036     -15.8527     0.853874
  113       47.309       79.942     -2.75739     -11.1513     -16.1679      52.4143      3.38088     -3.46951     -15.9969     0.860908
  114      47.2324      79.6574     -2.73551      -11.166     -16.2532       52.447      3.40026     -3.48845     -16.1407     0.867889
  115      47.1556      79.3747     -2.71347     -11.1803      -16.338      52.4765      3.41942     -3.50719     -16.2844     0.874818
  116      47.0784      79.0938     -2.69129     -11.1941     -16.4224       52.503      3.43835     -3.52573     -16.4278     0.881694
  117      47.0009      78.8146     -2.66896     -11.2076     -16.5064      52.5265      3.45705     -3.54406      -16.571     0.888518
  118       46.923      78.5372     -2.64649     -11.2206     -16.5899      52.5471      3.47553      -3.5622     -16.7139     0.895289
  119      46.8448      78.2616     -2.62388     -11.2332      -16.673      52.5649      3.49378     -3.58013     -16.8566     0.902007
  120      46.7663      77.9876     -2.60114     -11.2454     -16.7557      52.5799      3.51182     -3.59787     -16.9991     0.908673
  121      46.6874      77.7152     -2.57826     -11.2572      -16.838      52.5922      3.52963     -3.61541     -17.1414     0.915286
  122      46.6083      77.4445     -2.55526     -11.2687     -16.9198      52.6018      3.54723     -3.63275     -17.2834     0.921846
  123      46.5288      77.1754     -2.53214     -11.2797     -17.0012      52.6088       3.5646     -3.64989     -17.4252     0.928353
  124       46.449      76.9078     -2.50889     -11.2903     -17.0822      52.6132      3.58176     -3.66684     -17.5667     0.934808
  125      46.3688      76.6418     -2.48552     -11.3006     -17.1628      52.6151      3.59869      -3.6836     -17.7081     0.941209
  126      46.2884      76.3773     -2.46204     -11.3105      -17.243      52.6146      3.61542     -3.70016     -17.8492     0.947558
  127      46.2076      76.1143     -2.43845       -11.32     -17.3228      52.6117      3.63192     -3.71654     -17.9901     0.953854
  128      46.1266      75.8527     -2.41475     -11.3292     -17.4021      52.6064      3.64822     -3.73272     -18.1307     0.960096
  129      46.0452      75.5926     -2.39095      -11.338     -17.4811      52.5988       3.6643      -3.7487     -18.2711     0.966286
  130      45.9635      75.3338     -2.36704     -11.3465     -17.5597       52.589      3.68017      -3.7645     -18.4114     0.972423
  131      45.8815      75.0765     -2.34303     -11.3545     -17.6379      52.5769      3.69582     -3.78011     -18.5513     0.978506
  132      45.7992      74.8205     -2.31893     -11.3623     -17.7156      52.5627      3.71127     -3.79554     -18.6911     0.984537
  133      45.7166      74.5658     -2.29473     -11.3697      -17.793      52.5463       3.7265     -3.81077     -18.8306     0.990514
  134      45.6337      74.3124     -2.27044     -11.3767       -17.87      52.5279      3.74153     -3.82582       -18.97     0.996439
  135      45.5505      74.0603     -2.24606     -11.3834     -17.9466      52.5074      3.75635     -3.84068      -19.109      1.00231
  136       45.467      73.8095     -2.22159     -11.3898     -18.0229      52.4849      3.77096     -3.85535     -19.2479      1.00813
  137      45.3831        73.56     -2.19704     -11.3958     -18.0987      52.4605      3.78536     -3.86984     -19.3866      1.01389
  138       45.299      73.3116     -2.17241     -11.4015     -18.1742      52.4341      3.79957     -3.88415      -19.525      1.01961
  139      45.2147      73.0645      -2.1477     -11.4069     -18.2492      52.4058      3.81356     -3.89827     -19.6632      1.02527
  140        45.13      72.8185     -2.12291      -11.412     -18.3239      52.3757      3.82735     -3.91221     -19.8012      1.03087
  141       45.045      72.5737     -2.09805     -11.4167     -18.3982      52.3437      3.84094     -3.92597      -19.939      1.03643
  142      44.9597        72.33     -2.07311     -11.4211     -18.4722        52.31      3.85433     -3.93955     -20.0765      1.04193
  143      44.8742      72.0875      -2.0481     -11.4252     -18.5457      52.2745      3.86752     -3.95294     -20.2139      1.04737
  144      44.7883      71.8461     -2.02303      -11.429     -18.6189      52.2373      3.88051     -3.96615      -20.351      1.05277
  145      44.7022      71.6057     -1.99789     -11.4324     -18.6917      52.1984      3.89329     -3.97919     -20.4879      1.05811
  146      44.6158      71.3664     -1.97268     -11.4356     -18.7641      52.1578      3.90588     -3.99205     -20.6246       1.0634
  147      44.5291      71.1282     -1.94742     -11.4384     -18.8362      52.1157      3.91827     -4.00472      -20.761      1.06863
  148      44.4421       70.891     -1.92209      -11.441     -18.9079      52.0719      3.93047     -4.01722     -20.8973      1.07382
  149      44.3549      70.6548      -1.8967     -11.4432     -18.9792      52.0265      3.94247     -4.02954     -21.0333      1.07895
  150      44.2674      70.4196     -1.87126     -11.4451     -19.0501      51.9796      3.95427     -4.04169     -21.1691      1.08402
  151      44.1795      70.1854     -1.84576     -11.4468     -19.1207      51.9312      3.96588     -4.05365     -21.3047      1.08905
  152      44.0915      69.9522     -1.82022     -11.4481     -19.1909      51.8813       3.9773     -4.06545       -21.44      1.09402
  153      44.0031      69.7199     -1.79462     -11.4492     -19.2607        51.83      3.98852     -4.07706     -21.5752      1.09894
  154      43.9145      69.4886     -1.76897     -11.4499     -19.3301      51.7772      3.99955     -4.08851     -21.7101      1.10381
  155      43.8256      69.2581     -1.74327     -11.4504     -19.3992       51.723      4.01039     -4.09977     -21.8448      1.10862
  156      43.7364      69.0286     -1.71753     -11.4506     -19.4679      51.6674      4.02104     -4.11087     -21.9793      1.11338
  157       43.647         68.8     -1.69174     -11.4505     -19.5363      51.6105       4.0315     -4.12179     -22.1135      1.11809
  158      43.5573      68.5722     -1.66591     -11.4501     -19.6042      51.5522      4.04177     -4.13253     -22.2476      1.12275
  159      43.4673      68.3453     -1.64004     -11.4494     -19.6718      51.4926      4.05185     -4.14311     -22.3814      1.12735
  160      43.3771      68.1193     -1.61414     -11.4485     -19.7391      51.4317      4.06174     -4.15351      -22.515       1.1319
  161      43.2866      67.8941     -1.58819     -11.4472     -19.8059      51.3695      4.07145     -4.16374     -22.6483       1.1364
  162      43.1959      67.6697     -1.56221     -11.4457     -19.8724      51.3061      4.08098      -4.1738     -22.7815      1.14085
  163      43.1049      67.4462     -1.53619     -11.4439     -19.9385      51.2415      4.09031     -4.18369     -22.9144      1.14524
  164      43.0136      67.2234     -1.51014     -11.4419     -20.0043      51.1756      4.09947     -4.19341     -23.0471      1.14959
  165      42.9221      67.0014     -1.48406     -11.4395     -20.0696      51.1086      4.10843     -4.20296     -23.1796      1.15388
  166      42.8303      66.7802     -1.45795     -11.4369     -20.1346      51.0404      4.11722     -4.21235     -23.3118      1.15812
  167      42.7383      66.5598     -1.43181      -11.434     -20.1992      50.9711      4.12583     -4.22156     -23.4438       1.1623
  168       42.646      66.3401     -1.40564     -11.4309     -20.2635      50.9006      4.13425      -4.2306     -23.5756      1.16644
  169      42.5534      66.1211     -1.37944     -11.4274     -20.3274       50.829      4.14249     -4.23948     -23.7072      1.17052
  170      42.4606      65.9029     -1.35322     -11.4237     -20.3909      50.7563      4.15055     -4.24819     -23.8385      1.17455
  171      42.3676      65.6854     -1.32698     -11.4198      -20.454      50.6825      4.15843     -4.25673     -23.9696      1.17853
  172      42.2743      65.4686     -1.30072     -11.4156     -20.5167      50.6077      4.16614      -4.2651     -24.1005      1.18246
  173      42.1808      65.2524     -1.27443     -11.4111     -20.5791      50.5318      4.17366     -4.27331     -24.2311      1.18633
  174       42.087       65.037     -1.24812     -11.4063     -20.6411       50.455      4.18101     -4.28135     -24.3615      1.19016
  175       41.993      64.8223      -1.2218     -11.4013     -20.7027      50.3771      4.18819     -4.28923     -24.4917      1.19393
  176      41.8987      64.6082     -1.19546      -11.396      -20.764      50.2982      4.19518     -4.29694     -24.6216      1.19765
  177      41.8042      64.3948      -1.1691     -11.3905     -20.8248      50.2183        4.202     -4.30449     -24.7513      1.20132
  178      41.7095       64.182     -1.14272     -11.3847     -20.8853      50.1375      4.20865     -4.31187     -24.8808      1.20494
  179      41.6145      63.9698     -1.11634     -11.3787     -20.9454      50.0557      4.21513     -4.31909       -25.01       1.2085
  180      41.5193      63.7583     -1.08994     -11.3724      -21.005       49.973      4.22143     -4.32615     -25.1389      1.21202
  181      41.4238      63.5474     -1.06353     -11.3658     -21.0644      49.8894      4.22755     -4.33304     -25.2677      1.21548
  182      41.3282      63.3371      -1.0371      -11.359     -21.1233      49.8048      4.23351     -4.33977     -25.3962       1.2189
  183      41.2322      63.1274     -1.01067      -11.352     -21.1818      49.7194       4.2393     -4.34634     -25.5244      1.22226
  184      41.1361      62.9183    -0.984232     -11.3446       -21.24      49.6331      4.24491     -4.35275     -25.6524      1.22557
  185      41.0397      62.7098    -0.957784     -11.3371     -21.2977       49.546      4.25036     -4.35899     -25.7801      1.22883
  186      40.9431      62.5018     -0.93133     -11.3293     -21.3551      49.4579      4.25564     -4.36507     -25.9076      1.23204
  187      40.8463      62.2944    -0.904871     -11.3212      -21.412      49.3691      4.26075       -4.371     -26.0348       1.2352
  188      40.7492      62.0876    -0.878407     -11.3129     -21.4686      49.2794      4.26569     -4.37676     -26.1618      1.23831
  189      40.6519      61.8813     -0.85194     -11.3043     -21.5248      49.1889      4.27046     -4.38236     -26.2886      1.24137
  190      40.5544      61.6756     -0.82547     -11.2955     -21.5805      49.0977      4.27507      -4.3878      -26.415      1.24437
  191      40.4567      61.4704    -0.798999     -11.2864     -21.6359      49.0056      4.27952     -4.39309     -26.5412      1.24733
  192      40.3587      61.2657    -0.772528     -11.2771     -21.6909      48.9127      4.28379     -4.39821     -26.6672      1.25024
  193      40.2605      61.0615    -0.746057     -11.2676     -21.7454      48.8191      4.28791     -4.40318     -26.7929       1.2531
  194      40.1622      60.8579    -0.719587     -11.2578     -21.7996      48.7248      4.29186     -4.40798     -26.9183       1.2559
  195      40.0636      60.6547    -0.693119     -11.2478     -21.8533      48.6297      4.29565     -4.41263     -27.0434      1.25866
  196      39.9647      60.4521    -0.666654     -11.2375     -21.9067      48.5338      4.29927     -4.41713     -27.1683      1.26137
  197      39.8657      60.2499    -0.640193      -11.227     -21.9596      48.4373      4.30274     -4.42146     -27.2929      1.26402
  198      39.7665      60.0483    -0.613737     -11.2162     -22.0121        48.34      4.30604     -4.42564     -27.4173      1.26663
  199       39.667      59.8471    -0.587287     -11.2052     -22.0642       48.242      4.30919     -4.42966     -27.5413      1.26919
  200      39.5673      59.6463    -0.560843      -11.194     -22.1159      48.1434      4.31217     -4.43353     -27.6651       1.2717
  201      39.4675      59.4461    -0.534406     -11.1825     -22.1671      48.0441        4.315     -4.43724     -27.7886      1.27415
  202      39.3674      59.2463    -0.507978     -11.1708      -22.218      47.9441      4.31767      -4.4408     -27.9118      1.27656
  203      39.2671       59.047    -0.481558     -11.1588     -22.2684      47.8434      4.32018      -4.4442     -28.0348      1.27892
  204      39.1666      58.8481    -0.455148     -11.1467     -22.3184      47.7421      4.32253     -4.44745     -28.1574      1.28123
  205       39.066      58.6496    -0.428749     -11.1342     -22.3679      47.6401      4.32473     -4.45054     -28.2798       1.2835
  206      38.9651      58.4516    -0.402361     -11.1216      -22.417      47.5375      4.32677     -4.45348     -28.4018      1.28571
  207       38.864       58.254    -0.375984     -11.1087     -22.4657      47.4343      4.32865     -4.45627     -28.5236      1.28787
  208      38.7627      58.0568    -0.349621     -11.0956      -22.514      47.3305      4.33039     -4.45891     -28.6451      1.28999
  209      38.6612      57.8601    -0.323271     -11.0822     -22.5618      47.2261      4.33197     -4.46139     -28.7662      1.29205
  210      38.5596      57.6637    -0.296935     -11.0686     -22.6091      47.1211      4.33339     -4.46372     -28.8871      1.29407
  211      38.4577      57.4678    -0.270614     -11.0548     -22.6561      47.0155      4.33467      -4.4659     -29.0077      1.29604
  212      38.3556      57.2723    -0.244309     -11.0407     -22.7025      46.9093      4.33579     -4.46792     -29.1279      1.29796
  213      38.2534      57.0772     -0.21802     -11.0264     -22.7486      46.8025      4.33676      -4.4698     -29.2479      1.29983
  214       38.151      56.8824    -0.191749     -11.0119     -22.7942      46.6952      4.33758     -4.47153     -29.3675      1.30166
  215      38.0483      56.6881    -0.165495     -10.9972     -22.8393      46.5874      4.33825      -4.4731     -29.4868      1.30343
  216      37.9455      56.4941    -0.139259     -10.9822      -22.884       46.479      4.33878     -4.47453     -29.6058      1.30516
  217      37.8425      56.3005    -0.113043      -10.967     -22.9282        46.37      4.33915     -4.47581     -29.7245      1.30684
  218      37.7394      56.1073   -0.0868458     -10.9516     -22.9719      46.2605      4.33938     -4.47694     -29.8428      1.30848
  219       37.636      55.9145   -0.0606695     -10.9359     -23.0152      46.1505      4.33946     -4.47792     -29.9608      1.31006
  220      37.5325       55.722   -0.0345142       -10.92      -23.058        46.04      4.33939     -4.47875     -30.0785       1.3116
  221      37.4288      55.5299   -0.00838053     -10.9039     -23.1004       45.929      4.33918     -4.47944     -30.1958      1.31309
  222      37.3249      55.3381    0.0177308     -10.8876     -23.1423      45.8174      4.33883     -4.47998     -30.3129      1.31453
  223      37.2208      55.1467    0.0438191      -10.871     -23.1837      45.7054      4.33833     -4.48037     -30.4295      1.31593
  224      37.1166      54.9556    0.0698839     -10.8542     -23.2246      45.5929      4.33768     -4.48061     -30.5458      1.31728
  225      37.0122      54.7649    0.0959245     -10.8372     -23.2651      45.4799       4.3369     -4.48071     -30.6618      1.31858
  226      36.9076      54.5745      0.12194       -10.82      -23.305      45.3665      4.33597     -4.48067     -30.7774      1.31983
  227      36.8029      54.3845     0.147931     -10.8026     -23.3445      45.2525       4.3349     -4.48048     -30.8927      1.32104
  228       36.698      54.1948     0.173895     -10.7849     -23.3835      45.1382      4.33369     -4.48014     -31.0076       1.3222
  229      36.5929      54.0054     0.199833      -10.767      -23.422      45.0233      4.33233     -4.47966     -31.1221      1.32332
  230      36.4876      53.8163     0.225744     -10.7489       -23.46       44.908      4.33084     -4.47904     -31.2363      1.32439
  231      36.3822      53.6276     0.251627     -10.7306     -23.4975      44.7923      4.32921     -4.47828     -31.3501      1.32541
  232      36.2767      53.4392     0.277482     -10.7121     -23.5345      44.6762      4.32745     -4.47737     -31.4635      1.32639
  233       36.171      53.2511     0.303308     -10.6933      -23.571      44.5596      4.32554     -4.47632     -31.5765      1.32732
  234      36.0651      53.0633     0.329105     -10.6743      -23.607      44.4426       4.3235     -4.47513     -31.6892       1.3282
  235      35.9591      52.8758     0.354871     -10.6551     -23.6425      44.3252      4.32132     -4.47379     -31.8015      1.32904
  236      35.8529      52.6886     0.380607     -10.6357     -23.6775      44.2073        4.319     -4.47232     -31.9133      1.32983
  237      35.7465      52.5017     0.406312     -10.6161     -23.7119      44.0891      4.31656     -4.47071     -32.0248      1.33058
  238      35.6401      52.3152     0.431986     -10.5963     -23.7459      43.9705      4.31397     -4.46895     -32.1359      1.33129
  239      35.5334      52.1289     0.457627     -10.5762     -23.7793      43.8515      4.31126     -4.46706     -32.2466      1.33194
  240      35.4266      51.9429     0.483236      -10.556     -23.8122      43.7321      4.30841     -4.46503     -32.3569      1.33256
  241      35.3197      51.7572     0.508812     -10.5355     -23.8445      43.6123      4.30543     -4.46286     -32.4668      1.33312
  242      35.2126      51.5717     0.534354     -10.5148     -23.8764      43.4922      4.30231     -4.46055     -32.5762      1.33365
  243      35.1054      51.3866     0.559861     -10.4939     -23.9077      43.3717      4.29907      -4.4581     -32.6852      1.33413
  244      34.9981      51.2017     0.585334     -10.4728     -23.9384      43.2508       4.2957     -4.45552     -32.7939      1.33456
  245      34.8906      51.0172     0.610772     -10.4515     -23.9686      43.1296      4.29219      -4.4528      -32.902      1.33495
  246      34.7829      50.8329     0.636174       -10.43     -23.9983       43.008      4.28856     -4.44995     -33.0098      1.33529
  247      34.6752      50.6488      0.66154     -10.4083     -24.0274      42.8861       4.2848     -4.44696     -33.1171       1.3356
  248      34.5673      50.4651     0.686869     -10.3864      -24.056      42.7638      4.28092     -4.44383      -33.224      1.33585
  249      34.4593      50.2816      0.71216     -10.3643      -24.084      42.6412       4.2769     -4.44057     -33.3304      1.33607
  250      34.3511      50.0984     0.737414     -10.3419     -24.1115      42.5183      4.27277     -4.43718     -33.4364      1.33624
  251      34.2428      49.9154      0.76263     -10.3194     -24.1384       42.395       4.2685     -4.43366     -33.5419      1.33636
  252      34.1344      49.7327     0.787807     -10.2966     -24.1647      42.2715      4.26411        -4.43     -33.6469      1.33645
  253      34.0259      49.5503     0.812945     -10.2737     -24.1904      42.1476       4.2596     -4.42621     -33.7515      1.33649
  254      33.9172      49.3681     0.838043     -10.2506     -24.2156      42.0234      4.25497     -4.42228     -33.8556      1.33648
  255      33.8084      49.1862     0.863102     -10.2272     -24.2402      41.8989      4.25021     -4.41823     -33.9593      1.33644
  256      33.6995      49.0045     0.888119     -10.2037     -24.2643      41.7741      4.24533     -4.41405     -34.0624      1.33635
  257      33.5905      48.8231     0.913095       -10.18     -24.2877       41.649      4.24033     -4.40973     -34.1651      1.33622
  258      33.4814      48.6419      0.93803      -10.156     -24.3106      41.5236      4.23521     -4.40529     -34.2673      1.33604
  259      33.3721       48.461     0.962923     -10.1319     -24.3329      41.3979      4.22997     -4.40072      -34.369      1.33583
  260      33.2627      48.2803     0.987773     -10.1076     -24.3546       41.272      4.22461     -4.39602     -34.4701      1.33557
  261      33.1533      48.0999      1.01258     -10.0831     -24.3757      41.1458      4.21914     -4.39119     -34.5708      1.33527
  262      33.0437      47.9197      1.03734     -10.0583     -24.3962      41.0193      4.21354     -4.38623      -34.671      1.33493
  263       32.934      47.7397      1.06206     -10.0334      -24.416      40.8925      4.20783     -4.38115     -34.7706      1.33454
  264      32.8242        47.56      1.08674     -10.0084     -24.4353      40.7655      4.20201     -4.37594     -34.8697      1.33412
  265      32.7143      47.3805      1.11137     -9.98307      -24.454      40.6382      4.19607     -4.37061     -34.9683      1.33365
  266      32.6043      47.2013      1.13595      -9.9576     -24.4721      40.5107      4.19001     -4.36515     -35.0664      1.33314
  267      32.4942      47.0223      1.16049     -9.93195     -24.4895      40.3829      4.18384     -4.35957     -35.1639      1.33259
  268       32.384      46.8435      1.18499      -9.9061     -24.5063      40.2549      4.17756     -4.35387     -35.2608        1.332
  269      32.2737      46.6649      1.20943     -9.88007     -24.5225      40.1267      4.17116     -4.34804     -35.3573      1.33137
  270      32.1634      46.4866      1.23383     -9.85385     -24.5381      39.9982      4.16466     -4.34209     -35.4531       1.3307
  271      32.0529      46.3085      1.25818     -9.82746     -24.5531      39.8695      4.15804     -4.33601     -35.5484      1.32999
  272      31.9423      46.1307      1.28249     -9.80088     -24.5674      39.7405      4.15131     -4.32982     -35.6431      1.32924
  273      31.8317       45.953      1.30674     -9.77411      -24.581      39.6114      4.14448     -4.32351     -35.7373      1.32845
  274      31.7209      45.7756      1.33095     -9.74717     -24.5941       39.482      4.13753     -4.31707     -35.8308      1.32762
  275      31.6101      45.5984       1.3551     -9.72005     -24.6065      39.3524      4.13048     -4.31052     -35.9238      1.32675
  276      31.4992      45.4215      1.37921     -9.69275     -24.6182      39.2226      4.12332     -4.30385     -36.0162      1.32583
  277      31.3882      45.2447      1.40326     -9.66528     -24.6293      39.0926      4.11606     -4.29706     -36.1079      1.32488
  278      31.2771      45.0682      1.42727     -9.63763     -24.6397      38.9624      4.10869     -4.29016     -36.1991      1.32389
  279       31.166      44.8919      1.45122      -9.6098     -24.6495      38.8319      4.10121     -4.28313     -36.2896      1.32287
  280      31.0548      44.7158      1.47512     -9.58181     -24.6586      38.7013      4.09363       -4.276     -36.3796       1.3218
  281      30.9435        44.54      1.49897     -9.55364     -24.6671      38.5706      4.08595     -4.26874     -36.4689      1.32069
  282      30.8321      44.3643      1.52277      -9.5253     -24.6749      38.4396      4.07816     -4.26137     -36.5575      1.31955
  283      30.7207      44.1889      1.54651     -9.49679      -24.682      38.3084      4.07027     -4.25389     -36.6456      1.31836
  284      30.6092      44.0137       1.5702     -9.46811     -24.6884      38.1771      4.06228      -4.2463     -36.7329      1.31714
  285      30.4976      43.8387      1.59383     -9.43927     -24.6942      38.0456      4.05419     -4.23859     -36.8197      1.31588
  286       30.386      43.6639      1.61741     -9.41026     -24.6993      37.9139        4.046     -4.23077     -36.9057      1.31459
  287      30.2743      43.4893      1.64094     -9.38109     -24.7037      37.7821      4.03772     -4.22284     -36.9911      1.31325
  288      30.1626      43.3149      1.66441     -9.35175     -24.7074      37.6501      4.02933      -4.2148     -37.0758      1.31188
  289      30.0508      43.1408      1.68782     -9.32226     -24.7104       37.518      4.02085     -4.20665     -37.1599      1.31047
  290      29.9389      42.9668      1.71118      -9.2926     -24.7127      37.3857      4.01227     -4.19839     -37.2432      1.30902
  291       29.827      42.7931      1.73448     -9.26279     -24.7143      37.2532      4.00359     -4.19002     -37.3258      1.30754
  292       29.715      42.6196      1.75772     -9.23281     -24.7153      37.1206      3.99482     -4.18155     -37.4078      1.30602
  293       29.603      42.4462       1.7809     -9.20269     -24.7155      36.9879      3.98596     -4.17296      -37.489      1.30446
  294      29.4909      42.2731      1.80402      -9.1724      -24.715       36.855        3.977     -4.16428     -37.5695      1.30287
  295      29.3788      42.1002      1.82709     -9.14197     -24.7138       36.722      3.96795     -4.15548     -37.6493      1.30124
  296      29.2667      41.9276      1.85009     -9.11138     -24.7119      36.5888      3.95881     -4.14659     -37.7284      1.29957
  297      29.1545      41.7551      1.87304     -9.08065     -24.7092      36.4556      3.94958     -4.13758     -37.8067      1.29787
  298      29.0423      41.5828      1.89592     -9.04976     -24.7059      36.3222      3.94025     -4.12848     -37.8842      1.29614
  299        28.93      41.4107      1.91875     -9.01873     -24.7018      36.1887      3.93084     -4.11927      -37.961      1.29436
  300      28.8177      41.2389      1.94151     -8.98755      -24.697       36.055      3.92134     -4.10996     -38.0371      1.29256
  301      28.7054      41.0672      1.96421     -8.95623     -24.6915      35.9213      3.91175     -4.10055     -38.1123      1.29071
  302       28.593      40.8958      1.98684     -8.92477     -24.6852      35.7875      3.90207     -4.09104     -38.1868      1.28884
  303      28.4806      40.7245      2.00941     -8.89316     -24.6783      35.6535      3.89231     -4.08143     -38.2605      1.28692
  304      28.3682      40.5535      2.03192     -8.86142     -24.6705      35.5195      3.88246     -4.07173     -38.3334      1.28498
  305      28.2557      40.3827      2.05436     -8.82954     -24.6621      35.3853      3.87253     -4.06192     -38.4055        1.283
  306      28.1433      40.2121      2.07674     -8.79752     -24.6528      35.2511      3.86251     -4.05202     -38.4767      1.28098
  307      28.0308      40.0416      2.09905     -8.76537     -24.6429      35.1167      3.85241     -4.04202     -38.5472      1.27893
  308      27.9183      39.8714       2.1213     -8.73308     -24.6322      34.9823      3.84223     -4.03192     -38.6168      1.27685
  309      27.8057      39.7014      2.14348     -8.70067     -24.6207      34.8478      3.83197     -4.02174     -38.6856      1.27473
  310      27.6932      39.5316      2.16559     -8.66812     -24.6085      34.7132      3.82162     -4.01145     -38.7535      1.27258
  311      27.5806       39.362      2.18763     -8.63544     -24.5955      34.5786       3.8112     -4.00108     -38.8206       1.2704
  312      27.4681      39.1926      2.20961     -8.60264     -24.5818      34.4438      3.80069     -3.99061     -38.8868      1.26819
  313      27.3555      39.0235      2.23151     -8.56972     -24.5673       34.309      3.79011     -3.98005     -38.9521      1.26594
  314      27.2429      38.8545      2.25335     -8.53667      -24.552      34.1741      3.77945      -3.9694     -39.0166      1.26366
  315      27.1303      38.6857      2.27511      -8.5035      -24.536      34.0392      3.76871     -3.95866     -39.0801      1.26134
  316      27.0178      38.5172      2.29681     -8.47021     -24.5192      33.9042       3.7579     -3.94783     -39.1428        1.259
  317      26.9052      38.3488      2.31843      -8.4368     -24.5017      33.7692      3.74701     -3.93691     -39.2046      1.25662
  318      26.7926      38.1807      2.33998     -8.40328     -24.4833      33.6341      3.73605     -3.92591     -39.2654      1.25421
  319        26.68      38.0127      2.36145     -8.36964     -24.4642      33.4989      3.72501     -3.91482     -39.3253      1.25177
  320      26.5674       37.845      2.38285     -8.33589     -24.4443      33.3637       3.7139     -3.90364     -39.3843       1.2493
  321      26.4549      37.6775      2.40418     -8.30203     -24.4237      33.2285      3.70272     -3.89238     -39.4423       1.2468
  322      26.3423      37.5101      2.42543     -8.26806     -24.4022      33.0932      3.69147     -3.88103     -39.4994      1.24427
  323      26.2298       37.343      2.44661     -8.23398       -24.38      32.9579      3.68014      -3.8696     -39.5555       1.2417
  324      26.1173      37.1761       2.4677      -8.1998      -24.357      32.8225      3.66875     -3.85809     -39.6106      1.23911
  325      26.0048      37.0094      2.48873     -8.16551     -24.3332      32.6871      3.65729      -3.8465     -39.6647      1.23648
  326      25.8923       36.843      2.50967     -8.13112     -24.3086      32.5517      3.64576     -3.83483     -39.7179      1.23383
  327      25.7798      36.6767      2.53053     -8.09663     -24.2832      32.4163      3.63417     -3.82307       -39.77      1.23114
  328      25.6674      36.5106      2.55132     -8.06204      -24.257      32.2808      3.62251     -3.81124     -39.8212      1.22843
  329       25.555      36.3448      2.57202     -8.02736       -24.23      32.1454      3.61078     -3.79933     -39.8713      1.22569
  330      25.4426      36.1792      2.59264     -7.99258     -24.2023      32.0099      3.59899     -3.78734     -39.9203      1.22291
  331      25.3303      36.0137      2.61318     -7.95771     -24.1737      31.8744      3.58713     -3.77528     -39.9684      1.22011
  332      25.2179      35.8485      2.63364     -7.92275     -24.1443      31.7389      3.57521     -3.76314     -40.0154      1.21728
  333      25.1057      35.6835      2.65402      -7.8877     -24.1142      31.6034      3.56323     -3.75093     -40.0613      1.21442
  334      24.9934      35.5188       2.6743     -7.85257     -24.0832      31.4679      3.55119     -3.73864     -40.1061      1.21153
  335      24.8812      35.3542      2.69451     -7.81735     -24.0515      31.3324      3.53908     -3.72628     -40.1499      1.20862
  336       24.769      35.1898      2.71463     -7.78204     -24.0189      31.1969      3.52692     -3.71385     -40.1926      1.20567
  337      24.6569      35.0257      2.73466     -7.74666     -23.9855      31.0615       3.5147     -3.70135     -40.2341       1.2027
  338      24.5448      34.8618       2.7546     -7.71119     -23.9513       30.926      3.50242     -3.68877     -40.2746      1.19971
  339      24.4328      34.6981      2.77445     -7.67565     -23.9164      30.7906      3.49008     -3.67613     -40.3139      1.19668
  340      24.3208      34.5346      2.79422     -7.64004     -23.8806      30.6551      3.47769     -3.66342     -40.3521      1.19363
  341      24.2089      34.3713      2.81389     -7.60435      -23.844      30.5197      3.46524     -3.65064     -40.3892      1.19055
  342       24.097      34.2083      2.83347     -7.56859     -23.8066      30.3843      3.45273      -3.6378     -40.4251      1.18744
  343      23.9852      34.0455      2.85296     -7.53276     -23.7684       30.249      3.44018     -3.62489     -40.4598      1.18431
  344      23.8735      33.8829      2.87236     -7.49686     -23.7294      30.1137      3.42756     -3.61191     -40.4934      1.18115
  345      23.7618      33.7205      2.89166      -7.4609     -23.6895      29.9784       3.4149     -3.59887     -40.5257      1.17797
  346      23.6502      33.5583      2.91087     -7.42487     -23.6489      29.8431      3.40219     -3.58577     -40.5569      1.17476
  347      23.5386      33.3964      2.92998     -7.38879     -23.6075      29.7079      3.38942      -3.5726     -40.5869      1.17152
  348      23.4271      33.2347      2.94899     -7.35264     -23.5652      29.5727      3.37661     -3.55938     -40.6156      1.16826
  349      23.3157      33.0732       2.9679     -7.31644     -23.5222      29.4376      3.36374     -3.54609     -40.6431      1.16498
  350      23.2043       32.912      2.98671     -7.28018     -23.4783      29.3026      3.35083     -3.53275     -40.6694      1.16166
