1.0         .63420D+01    
2.0         .61934D+01    
3.0         .61051D+01    
4.0         .60071D+01    
5.0         .58950D+01    
6.0         .57713D+01    
7.0         .56400D+01    
8.0         .55055D+01    
9.0         .53713D+01    
10.0        .52405D+01    
11.0        .51155D+01    
12.0        .49976D+01    
13.0        .48877D+01    
14.0        .47861D+01    
15.0        .46926D+01    
16.0        .46068D+01    
17.0        .45280D+01    
18.0        .44553D+01    
19.0        .43880D+01    
20.0        .43251D+01    
21.0        .42660D+01    
22.0        .42097D+01    
23.0        .41558D+01    
24.0        .41035D+01    
25.0        .40524D+01    
26.0        .40019D+01    
27.0        .39519D+01    
28.0        .39018D+01    
29.0        .38517D+01    
30.0        .38012D+01    
31.0        .37502D+01    
32.0        .36987D+01    
33.0        .36465D+01    
34.0        .35938D+01    
35.0        .35405D+01    
36.0        .34867D+01    
37.0        .34323D+01    
38.0        .33776D+01    
39.0        .33224D+01    
40.0        .32671D+01    
41.0        .32115D+01    
42.0        .31559D+01    
43.0        .31003D+01    
44.0        .30448D+01    
45.0        .29896D+01    
46.0        .29347D+01    
47.0        .28801D+01    
48.0        .28260D+01    
49.0        .27725D+01    
50.0        .27196D+01    
51.0        .26674D+01    
52.0        .26159D+01    
53.0        .25652D+01    
54.0        .25153D+01    
55.0        .24663D+01    
56.0        .24181D+01    
57.0        .23710D+01    
58.0        .23247D+01    
59.0        .22795D+01    
60.0        .22352D+01    
61.0        .21919D+01    
62.0        .21497D+01    
63.0        .21085D+01    
64.0        .20684D+01    
65.0        .20293D+01    
66.0        .19914D+01    
67.0        .19545D+01    
68.0        .19188D+01    
69.0        .18842D+01    
70.0        .18507D+01    
71.0        .18185D+01    
72.0        .17874D+01    
73.0        .17576D+01    
74.0        .17291D+01    
75.0        .17018D+01    
76.0        .16758D+01    
77.0        .16511D+01    
78.0        .16278D+01    
79.0        .16058D+01    
80.0        .15853D+01    
81.0        .15661D+01    
82.0        .15484D+01    
83.0        .15321D+01    
84.0        .15173D+01    
85.0        .15040D+01    
86.0        .14921D+01    
87.0        .14817D+01    
88.0        .14728D+01    
89.0        .14654D+01    
90.0        .14595D+01    
91.0        .14550D+01    
92.0        .14521D+01    
93.0        .14506D+01    
94.0        .14506D+01    
95.0        .14521D+01    
96.0        .14550D+01    
97.0        .14594D+01    
98.0        .14653D+01    
99.0        .14726D+01    
100.0       .14815D+01    
101.0       .14919D+01    
102.0       .15037D+01    
103.0       .15172D+01    
104.0       .15322D+01    
105.0       .15488D+01    
106.0       .15672D+01    
107.0       .15872D+01    
108.0       .16090D+01    
109.0       .16327D+01    
110.0       .16583D+01    
111.0       .16859D+01    
112.0       .17156D+01    
113.0       .17475D+01    
114.0       .17816D+01    
115.0       .18182D+01    
116.0       .18571D+01    
117.0       .18987D+01    
118.0       .19428D+01    
119.0       .19898D+01    
120.0       .20395D+01    
121.0       .20922D+01    
122.0       .21478D+01    
123.0       .22064D+01    
124.0       .22681D+01    
125.0       .23329D+01    
126.0       .24009D+01    
127.0       .24719D+01    
128.0       .25459D+01    
129.0       .26230D+01    
130.0       .27031D+01    
131.0       .27859D+01    
132.0       .28715D+01    
133.0       .29597D+01    
134.0       .30502D+01    
135.0       .31429D+01    
136.0       .32375D+01    
137.0       .33339D+01    
138.0       .34316D+01    
139.0       .35306D+01    
140.0       .36304D+01    
141.0       .37307D+01    
142.0       .38314D+01    
143.0       .39320D+01    
144.0       .40324D+01    
145.0       .41322D+01    
146.0       .42314D+01    
147.0       .43298D+01    
148.0       .44274D+01    
149.0       .45242D+01    
150.0       .46203D+01    
151.0       .47162D+01    
152.0       .48121D+01    
153.0       .49089D+01    
154.0       .50073D+01    
155.0       .51085D+01    
156.0       .52138D+01    
157.0       .53249D+01    
158.0       .54438D+01    
159.0       .55726D+01    
160.0       .57140D+01    
161.0       .58708D+01    
162.0       .60460D+01    
163.0       .62428D+01    
164.0       .64643D+01    
165.0       .67133D+01    
166.0       .69924D+01    
167.0       .73030D+01    
168.0       .76458D+01    
169.0       .80194D+01    
170.0       .84207D+01    
171.0       .88442D+01    
172.0       .92816D+01    
173.0       .97220D+01    
174.0       .10152D+02    
175.0       .10556D+02    
176.0       .10917D+02    
177.0       .11219D+02    
178.0       .11447D+02    
179.0       .11589D+02    
180.0       .11637D+02 