0.5         .29397D+03    
1.0         .29351D+03    
1.5         .29339D+03    
2.0         .29329D+03    
2.5         .29318D+03    
3.0         .29306D+03    
3.5         .29293D+03    
4.0         .29277D+03    
4.5         .29260D+03    
5.0         .29241D+03    
5.5         .29219D+03    
6.0         .29196D+03    
6.5         .29170D+03    
7.0         .29143D+03    
7.5         .29114D+03    
8.0         .29082D+03    
8.5         .29049D+03    
9.0         .29013D+03    
9.5         .28976D+03    
10.0        .28936D+03    
10.5        .28895D+03    
11.0        .28851D+03    
11.5        .28805D+03    
12.0        .28758D+03    
12.5        .28708D+03    
13.0        .28656D+03    
13.5        .28603D+03    
14.0        .28547D+03    
14.5        .28489D+03    
15.0        .28429D+03    
15.5        .28367D+03    
16.0        .28304D+03    
16.5        .28238D+03    
17.0        .28170D+03    
17.5        .28100D+03    
18.0        .28028D+03    
18.5        .27954D+03    
19.0        .27878D+03    
19.5        .27800D+03    
20.0        .27720D+03    
20.5        .27638D+03    
21.0        .27554D+03    
21.5        .27468D+03    
22.0        .27380D+03    
22.5        .27290D+03    
23.0        .27198D+03    
23.5        .27104D+03    
24.0        .27008D+03    
24.5        .26911D+03    
25.0        .26811D+03    
25.5        .26709D+03    
26.0        .26605D+03    
26.5        .26499D+03    
27.0        .26391D+03    
27.5        .26281D+03    
28.0        .26170D+03    
28.5        .26056D+03    
29.0        .25940D+03    
29.5        .25823D+03    
30.0        .25703D+03    
30.5        .25582D+03    
31.0        .25458D+03    
31.5        .25333D+03    
32.0        .25206D+03    
32.5        .25076D+03    
33.0        .24945D+03    
33.5        .24812D+03    
34.0        .24678D+03    
34.5        .24541D+03    
35.0        .24402D+03    
35.5        .24262D+03    
36.0        .24120D+03    
36.5        .23975D+03    
37.0        .23829D+03    
37.5        .23681D+03    
38.0        .23532D+03    
38.5        .23380D+03    
39.0        .23227D+03    
39.5        .23072D+03    
40.0        .22915D+03    
40.5        .22756D+03    
41.0        .22595D+03    
41.5        .22433D+03    
42.0        .22269D+03    
42.5        .22103D+03    
43.0        .21936D+03    
43.5        .21766D+03    
44.0        .21595D+03    
44.5        .21422D+03    
45.0        .21248D+03    
45.5        .21072D+03    
46.0        .20894D+03    
46.5        .20714D+03    
47.0        .20533D+03    
47.5        .20350D+03    
48.0        .20165D+03    
48.5        .19979D+03    
49.0        .19791D+03    
49.5        .19601D+03    
50.0        .19410D+03    
50.5        .19217D+03    
51.0        .19023D+03    
51.5        .18827D+03    
52.0        .18629D+03    
52.5        .18430D+03    
53.0        .18229D+03    
53.5        .18027D+03    
54.0        .17823D+03    
54.5        .17618D+03    
55.0        .17411D+03    
55.5        .17203D+03    
56.0        .16993D+03    
56.5        .16782D+03    
57.0        .16569D+03    
57.5        .16354D+03    
58.0        .16139D+03    
58.5        .15921D+03    
59.0        .15703D+03    
59.5        .15483D+03    
60.0        .15261D+03    
60.5        .15038D+03    
61.0        .14814D+03    
61.5        .14589D+03    
62.0        .14362D+03    
62.5        .14133D+03    
63.0        .13904D+03    
63.5        .13673D+03    
64.0        .13440D+03    
64.5        .13207D+03    
65.0        .12972D+03    
65.5        .12736D+03    
66.0        .12498D+03    
66.5        .12260D+03    
67.0        .12020D+03    
67.5        .11779D+03    
68.0        .11537D+03    
68.5        .11293D+03    
69.0        .11049D+03    
69.5        .10803D+03    
70.0        .10556D+03    
70.5        .10308D+03    
71.0        .10059D+03    
71.5        .98087D+02    
72.0        .95574D+02    
72.5        .93051D+02    
73.0        .90518D+02    
73.5        .87975D+02    
74.0        .85421D+02    
74.5        .82858D+02    
75.0        .80286D+02    
75.5        .77704D+02    
76.0        .75113D+02    
76.5        .72514D+02    
77.0        .69905D+02    
77.5        .67289D+02    
78.0        .64664D+02    
78.5        .62032D+02    
79.0        .59392D+02    
79.5        .56744D+02    
80.0        .54090D+02    
80.5        .51429D+02    
81.0        .48761D+02    
81.5        .46087D+02    
82.0        .43407D+02    
82.5        .40722D+02    
83.0        .38031D+02    
83.5        .35336D+02    
84.0        .32636D+02    
84.5        .29932D+02    
85.0        .27223D+02    
85.5        .24511D+02    
86.0        .21796D+02    
86.5        .19078D+02
