1.000     0.00113  
  2.000     0.00572  
  3.000     0.01420  
  4.000     0.02640  
  5.000     0.04200  
  6.000     0.06063  
  7.000     0.08194  
  8.000     0.10560  
  9.000     0.13131  
 10.000     0.15882  
 11.000     0.18792  
 12.000     0.21840  
 13.000     0.25010  
 14.000     0.28288  
 15.000     0.31660  
 16.000     0.35118  
 17.000     0.38650  
 18.000     0.42250  
 19.000     0.45909  
 20.000     0.49622  
 21.000     0.53383  
 22.000     0.57188  
 23.000     0.61032  
 24.000     0.64912  
 25.000     0.68825  
 26.000     0.72767  
 27.000     0.76736  
 28.000     0.80730  
 29.000     0.84746  
 30.000     0.88784  
 31.000     0.92841  
 32.000     0.96915  
 33.000     1.01006  
 34.000     1.05112  
 35.000     1.09232  
 36.000     1.13365  
 37.000     1.17510  
 38.000     1.21666  
 39.000     1.25832  
 40.000     1.30009  
 41.000     1.34194  
 42.000     1.38387  
 43.000     1.42588  
 44.000     1.46797  
 45.000     1.51012  
 46.000     1.55233  
 47.000     1.59459  
 48.000     1.63691  
 49.000     1.67927  
 50.000     1.72168  
 51.000     1.76413  
 52.000     1.80661  
 53.000     1.84912  
 54.000     1.89166  
 55.000     1.93423  
 56.000     1.97682  
 57.000     2.01942  
 58.000     2.06204  
 59.000     2.10467  
 60.000     2.14731  
 61.000     2.18996  
 62.000     2.23260  
 63.000     2.27525  
 64.000     2.31790  
 65.000     2.36054  
 66.000     2.40318  
 67.000     2.44580  
 68.000     2.48841  
 69.000     2.53101  
 70.000     2.57359  
 71.000     2.61615  
 72.000     2.65869  
 73.000     2.70121  
 74.000     2.74370  
 75.000     2.78616  
 76.000     2.82859  
 77.000     2.87098  
 78.000     2.91335  
 79.000     2.95567  
 80.000     2.99796  
 81.000     3.04021  
 82.000     3.08242  
 83.000     3.12458  
 84.000     3.16669  
 85.000     3.20876  
 86.000     3.25078  
 87.000     3.29275  
 88.000     3.33466  
 89.000     3.37652  
 90.000     3.41832  
 91.000     3.46006  
 92.000     3.50175  
 93.000     3.54337  
 94.000     3.58493  
 95.000     3.62643  
 96.000     3.66786  
 97.000     3.70922  
 98.000     3.75052  
 99.000     3.79174  
100.000     3.83289  
101.000     3.87397  
102.000     3.91498  
103.000     3.95591  
104.000     3.99676  
105.000     4.03753  
106.000     4.07823  
107.000     4.11884  
108.000     4.15937  
109.000     4.19982  
110.000     4.24019  
111.000     4.28047  
112.000     4.32066  
113.000     4.36076  
114.000     4.40078  
115.000     4.44070  
116.000     4.48054  
117.000     4.52028  
118.000     4.55993  
119.000     4.59949  
120.000     4.63895  
121.000     4.67831  
122.000     4.71758  
123.000     4.75675  
124.000     4.79583  
125.000     4.83480  
126.000     4.87367  
127.000     4.91244  
128.000     4.95111  
129.000     4.98968  
130.000     5.02814  
131.000     5.06650  
132.000     5.10475  
133.000     5.14290  
134.000     5.18094  
135.000     5.21888  
136.000     5.25670  
137.000     5.29442  
138.000     5.33203  
139.000     5.36953  
140.000     5.40692  
141.000     5.44419  
142.000     5.48136  
143.000     5.51841  
144.000     5.55535  
145.000     5.59218  
146.000     5.62889  
147.000     5.66549  
148.000     5.70198  
149.000     5.73834  
150.000     5.77460  
151.000     5.81073  
152.000     5.84675  
153.000     5.88265  
154.000     5.91844  
155.000     5.95411  
156.000     5.98965  
157.000     6.02508  
158.000     6.06039  
159.000     6.09558  
160.000     6.13065  
161.000     6.16560  
162.000     6.20043  
163.000     6.23514  
164.000     6.26973  
165.000     6.30419  
166.000     6.33854  
167.000     6.37276  
168.000     6.40686  
169.000     6.44084  
170.000     6.47469  
171.000     6.50842  
172.000     6.54203  
173.000     6.57551  
174.000     6.60887  
175.000     6.64211  
176.000     6.67522  
177.000     6.70821  
178.000     6.74107  
179.000     6.77381  
180.000     6.80642  
181.000     6.83891  
182.000     6.87127  
183.000     6.90351  
184.000     6.93562  
185.000     6.96761  
186.000     6.99947  
187.000     7.03121  
188.000     7.06282  
189.000     7.09430  
190.000     7.12566  
191.000     7.15690  
192.000     7.18800  
193.000     7.21898  
194.000     7.24984  
195.000     7.28057  
196.000     7.31117  
197.000     7.34164  
198.000     7.37199  
199.000     7.40222  
200.000     7.43231  
201.000     7.46229  
202.000     7.49213  
203.000     7.52185  
204.000     7.55144  
205.000     7.58091  
206.000     7.61025  
207.000     7.63946  
208.000     7.66855  
209.000     7.69751  
210.000     7.72635  
211.000     7.75506  
212.000     7.78365  
213.000     7.81211  
214.000     7.84044  
215.000     7.86865  
216.000     7.89673  
217.000     7.92469  
218.000     7.95252  
219.000     7.98022  
220.000     8.00781  
221.000     8.03526  
222.000     8.06259  
223.000     8.08980  
224.000     8.11688  
225.000     8.14384  
226.000     8.17068  
227.000     8.19738  
228.000     8.22397  
229.000     8.25043  
230.000     8.27677  
231.000     8.30298  
232.000     8.32907  
233.000     8.35504  
234.000     8.38088  
235.000     8.40660  
236.000     8.43220  
237.000     8.45768  
238.000     8.48303  
239.000     8.50826  
240.000     8.53337  
241.000     8.55835  
242.000     8.58322  
243.000     8.60796  
244.000     8.63258  
245.000     8.65708  
246.000     8.68146  
247.000     8.70572  
248.000     8.72986  
249.000     8.75388  
250.000     8.77778  
251.000     8.80155  
252.000     8.82521  
253.000     8.84875  
254.000     8.87217  
255.000     8.89547  
256.000     8.91865  
257.000     8.94171  
258.000     8.96465  
259.000     8.98748  
260.000     9.01019  
261.000     9.03278  
262.000     9.05525  
263.000     9.07760  
264.000     9.09984  
265.000     9.12196  
266.000     9.14397  
267.000     9.16585  
268.000     9.18763  
269.000     9.20928  
270.000     9.23082  
271.000     9.25225  
272.000     9.27356  
273.000     9.29475  
274.000     9.31584  
275.000     9.33680  
276.000     9.35765  
277.000     9.37839  
278.000     9.39902  
279.000     9.41953  
280.000     9.43993  
281.000     9.46022  
282.000     9.48039  
283.000     9.50045  
284.000     9.52040  
285.000     9.54024  
286.000     9.55996  
287.000     9.57958  
288.000     9.59908  
289.000     9.61848  
290.000     9.63776  
291.000     9.65693  
292.000     9.67599  
293.000     9.69495  
294.000     9.71379  
295.000     9.73253  
296.000     9.75115  
297.000     9.76967  
298.000     9.78808  
299.000     9.80639  
300.000     9.82458  