 1.000     0.00000  
  2.000     0.00001  
  3.000     0.00003  
  4.000     0.00010  
  5.000     0.00024  
  6.000     0.00046  
  7.000     0.00079  
  8.000     0.00125  
  9.000     0.00184  
 10.000     0.00259  
 11.000     0.00349  
 12.000     0.00455  
 13.000     0.00577  
 14.000     0.00716  
 15.000     0.00872  
 16.000     0.01043  
 17.000     0.01231  
 18.000     0.01434  
 19.000     0.01653  
 20.000     0.01886  
 21.000     0.02134  
 22.000     0.02396  
 23.000     0.02670  
 24.000     0.02958  
 25.000     0.03258  
 26.000     0.03569  
 27.000     0.03892  
 28.000     0.04225  
 29.000     0.04568  
 30.000     0.04921  
 31.000     0.05284  
 32.000     0.05655  
 33.000     0.06035  
 34.000     0.06422  
 35.000     0.06817  
 36.000     0.07220  
 37.000     0.07629  
 38.000     0.08044  
 39.000     0.08466  
 40.000     0.08893  
 41.000     0.09326  
 42.000     0.09764  
 43.000     0.10207  
 44.000     0.10655  
 45.000     0.11107  
 46.000     0.11563  
 47.000     0.12024  
 48.000     0.12488  
 49.000     0.12955  
 50.000     0.13426  
 51.000     0.13900  
 52.000     0.14377  
 53.000     0.14857  
 54.000     0.15340  
 55.000     0.15825  
 56.000     0.16313  
 57.000     0.16803  
 58.000     0.17295  
 59.000     0.17789  
 60.000     0.18285  
 61.000     0.18783  
 62.000     0.19283  
 63.000     0.19784  
 64.000     0.20287  
 65.000     0.20791  
 66.000     0.21297  
 67.000     0.21804  
 68.000     0.22312  
 69.000     0.22822  
 70.000     0.23332  
 71.000     0.23844  
 72.000     0.24357  
 73.000     0.24870  
 74.000     0.25385  
 75.000     0.25901  
 76.000     0.26417  
 77.000     0.26934  
 78.000     0.27452  
 79.000     0.27971  
 80.000     0.28490  
 81.000     0.29010  
 82.000     0.29531  
 83.000     0.30053  
 84.000     0.30575  
 85.000     0.31097  
 86.000     0.31620  
 87.000     0.32144  
 88.000     0.32668  
 89.000     0.33193  
 90.000     0.33718  
 91.000     0.34244  
 92.000     0.34770  
 93.000     0.35296  
 94.000     0.35823  
 95.000     0.36351  
 96.000     0.36879  
 97.000     0.37407  
 98.000     0.37936  
 99.000     0.38465  
100.000     0.38994  
101.000     0.39524  
102.000     0.40054  
103.000     0.40585  
104.000     0.41116  
105.000     0.41647  
106.000     0.42179  
107.000     0.42711  
108.000     0.43243  
109.000     0.43776  
110.000     0.44309  
111.000     0.44842  
112.000     0.45376  
113.000     0.45910  
114.000     0.46445  
115.000     0.46979  
116.000     0.47515  
117.000     0.48050  
118.000     0.48586  
119.000     0.49122  
120.000     0.49658  
121.000     0.50195  
122.000     0.50732  
123.000     0.51270  
124.000     0.51808  
125.000     0.52346  
126.000     0.52884  
127.000     0.53423  
128.000     0.53962  
129.000     0.54502  
130.000     0.55041  
131.000     0.55581  
132.000     0.56122  
133.000     0.56663  
134.000     0.57204  
135.000     0.57745  
136.000     0.58287  
137.000     0.58829  
138.000     0.59371  
139.000     0.59914  
140.000     0.60457  
141.000     0.61000  
142.000     0.61544  
143.000     0.62088  
144.000     0.62632  
145.000     0.63177  
146.000     0.63722  
147.000     0.64267  
148.000     0.64812  
149.000     0.65358  
150.000     0.65904  
151.000     0.66450  
152.000     0.66997  
153.000     0.67544  
154.000     0.68091  
155.000     0.68639  
156.000     0.69187  
157.000     0.69735  
158.000     0.70283  
159.000     0.70832  
160.000     0.71381  
161.000     0.71930  
162.000     0.72480  
163.000     0.73029  
164.000     0.73579  
165.000     0.74130  
166.000     0.74680  
167.000     0.75231  
168.000     0.75782  
169.000     0.76333  
170.000     0.76885  
171.000     0.77436  
172.000     0.77988  
173.000     0.78540  
174.000     0.79093  
175.000     0.79645  
176.000     0.80198  
177.000     0.80751  
178.000     0.81304  
179.000     0.81857  
180.000     0.82410  
181.000     0.82964  
182.000     0.83518  
183.000     0.84072  
184.000     0.84626  
185.000     0.85180  
186.000     0.85734  
187.000     0.86289  
188.000     0.86844  
189.000     0.87398  
190.000     0.87953  
191.000     0.88508  
192.000     0.89063  
193.000     0.89618  
194.000     0.90174  
195.000     0.90729  
196.000     0.91284  
197.000     0.91840  
198.000     0.92395  
199.000     0.92951  
200.000     0.93506  
201.000     0.94062  
202.000     0.94617  
203.000     0.95173  
204.000     0.95729  
205.000     0.96284  
206.000     0.96840  
207.000     0.97396  
208.000     0.97951  
209.000     0.98507  
210.000     0.99062  
211.000     0.99618  
212.000     1.00173  
213.000     1.00728  
214.000     1.01283  
215.000     1.01839  
216.000     1.02394  
217.000     1.02949  
218.000     1.03503  
219.000     1.04058  
220.000     1.04613  
221.000     1.05167  
222.000     1.05721  
223.000     1.06275  
224.000     1.06829  
225.000     1.07383  
226.000     1.07937  
227.000     1.08490  
228.000     1.09043  
229.000     1.09596  
230.000     1.10149  
231.000     1.10701  
232.000     1.11253  
233.000     1.11805  
234.000     1.12357  
235.000     1.12908  
236.000     1.13460  
237.000     1.14010  
238.000     1.14561  
239.000     1.15111  
240.000     1.15661  
241.000     1.16211  
242.000     1.16760  
243.000     1.17309  
244.000     1.17857  
245.000     1.18405  
246.000     1.18953  
247.000     1.19500  
248.000     1.20047  
249.000     1.20594  
250.000     1.21140  
251.000     1.21685  
252.000     1.22231  
253.000     1.22775  
254.000     1.23320  
255.000     1.23863  
256.000     1.24407  
257.000     1.24949  
258.000     1.25492  
259.000     1.26034  
260.000     1.26575  
261.000     1.27115  
262.000     1.27656  
263.000     1.28195  
264.000     1.28734  
265.000     1.29273  
266.000     1.29811  
267.000     1.30348  
268.000     1.30885  
269.000     1.31421  
270.000     1.31956  
271.000     1.32491  
272.000     1.33025  
273.000     1.33558  
274.000     1.34091  
275.000     1.34623  
276.000     1.35154  
277.000     1.35685  
278.000     1.36215  
279.000     1.36744  
280.000     1.37273  
281.000     1.37801  
282.000     1.38328  
283.000     1.38854  
284.000     1.39379  
285.000     1.39904  
286.000     1.40428  
287.000     1.40951  
288.000     1.41473  
289.000     1.41995  
290.000     1.42515  
291.000     1.43035  
292.000     1.43554  
293.000     1.44072  
294.000     1.44589  
295.000     1.45105  
296.000     1.45621  
297.000     1.46135  
298.000     1.46649  
299.000     1.47161  
300.000     1.47673  