  1.000    -0.00000  
  2.000    -0.00000  
  3.000    -0.00001  
  4.000    -0.00003  
  5.000    -0.00009  
  6.000    -0.00020  
  7.000    -0.00038  
  8.000    -0.00065  
  9.000    -0.00104  
 10.000    -0.00156  
 11.000    -0.00222  
 12.000    -0.00305  
 13.000    -0.00404  
 14.000    -0.00522  
 15.000    -0.00659  
 16.000    -0.00816  
 17.000    -0.00992  
 18.000    -0.01189  
 19.000    -0.01407  
 20.000    -0.01645  
 21.000    -0.01903  
 22.000    -0.02181  
 23.000    -0.02480  
 24.000    -0.02798  
 25.000    -0.03136  
 26.000    -0.03493  
 27.000    -0.03868  
 28.000    -0.04261  
 29.000    -0.04672  
 30.000    -0.05100  
 31.000    -0.05545  
 32.000    -0.06006  
 33.000    -0.06483  
 34.000    -0.06974  
 35.000    -0.07481  
 36.000    -0.08001  
 37.000    -0.08535  
 38.000    -0.09082  
 39.000    -0.09641  
 40.000    -0.10213  
 41.000    -0.10796  
 42.000    -0.11390  
 43.000    -0.11995  
 44.000    -0.12610  
 45.000    -0.13235  
 46.000    -0.13870  
 47.000    -0.14513  
 48.000    -0.15165  
 49.000    -0.15825  
 50.000    -0.16492  
 51.000    -0.17167  
 52.000    -0.17849  
 53.000    -0.18538  
 54.000    -0.19233  
 55.000    -0.19935  
 56.000    -0.20642  
 57.000    -0.21354  
 58.000    -0.22071  
 59.000    -0.22794  
 60.000    -0.23520  
 61.000    -0.24252  
 62.000    -0.24987  
 63.000    -0.25726  
 64.000    -0.26468  
 65.000    -0.27214  
 66.000    -0.27963  
 67.000    -0.28715  
 68.000    -0.29469  
 69.000    -0.30226  
 70.000    -0.30985  
 71.000    -0.31746  
 72.000    -0.32509  
 73.000    -0.33274  
 74.000    -0.34041  
 75.000    -0.34808  
 76.000    -0.35577  
 77.000    -0.36347  
 78.000    -0.37119  
 79.000    -0.37890  
 80.000    -0.38663  
 81.000    -0.39436  
 82.000    -0.40209  
 83.000    -0.40983  
 84.000    -0.41757  
 85.000    -0.42531  
 86.000    -0.43305  
 87.000    -0.44079  
 88.000    -0.44852  
 89.000    -0.45625  
 90.000    -0.46398  
 91.000    -0.47170  
 92.000    -0.47942  
 93.000    -0.48713  
 94.000    -0.49483  
 95.000    -0.50252  
 96.000    -0.51020  
 97.000    -0.51787  
 98.000    -0.52553  
 99.000    -0.53318  
100.000    -0.54082  
101.000    -0.54845  
102.000    -0.55606  
103.000    -0.56366  
104.000    -0.57124  
105.000    -0.57881  
106.000    -0.58636  
107.000    -0.59390  
108.000    -0.60142  
109.000    -0.60893  
110.000    -0.61641  
111.000    -0.62388  
112.000    -0.63134  
113.000    -0.63877  
114.000    -0.64618  
115.000    -0.65358  
116.000    -0.66095  
117.000    -0.66831  
118.000    -0.67565  
119.000    -0.68296  
120.000    -0.69026  
121.000    -0.69753  
122.000    -0.70479  
123.000    -0.71202  
124.000    -0.71923  
125.000    -0.72642  
126.000    -0.73358  
127.000    -0.74073  
128.000    -0.74785  
129.000    -0.75495  
130.000    -0.76203  
131.000    -0.76908  
132.000    -0.77611  
133.000    -0.78312  
134.000    -0.79011  
135.000    -0.79707  
136.000    -0.80401  
137.000    -0.81092  
138.000    -0.81781  
139.000    -0.82468  
140.000    -0.83153  
141.000    -0.83835  
142.000    -0.84514  
143.000    -0.85191  
144.000    -0.85866  
145.000    -0.86538  
146.000    -0.87208  
147.000    -0.87876  
148.000    -0.88541  
149.000    -0.89204  
150.000    -0.89864  
151.000    -0.90522  
152.000    -0.91177  
153.000    -0.91830  
154.000    -0.92481  
155.000    -0.93129  
156.000    -0.93774  
157.000    -0.94418  
158.000    -0.95059  
159.000    -0.95697  
160.000    -0.96333  
161.000    -0.96966  
162.000    -0.97598  
163.000    -0.98226  
164.000    -0.98853  
165.000    -0.99476  
166.000    -1.00098  
167.000    -1.00717  
168.000    -1.01334  
169.000    -1.01948  
170.000    -1.02560  
171.000    -1.03169  
172.000    -1.03776  
173.000    -1.04381  
174.000    -1.04984  
175.000    -1.05584  
176.000    -1.06181  
177.000    -1.06777  
178.000    -1.07370  
179.000    -1.07961  
180.000    -1.08549  
181.000    -1.09135  
182.000    -1.09719  
183.000    -1.10300  
184.000    -1.10879  
185.000    -1.11456  
186.000    -1.12031  
187.000    -1.12603  
188.000    -1.13173  
189.000    -1.13741  
190.000    -1.14307  
191.000    -1.14870  
192.000    -1.15431  
193.000    -1.15990  
194.000    -1.16547  
195.000    -1.17102  
196.000    -1.17654  
197.000    -1.18204  
198.000    -1.18753  
199.000    -1.19299  
200.000    -1.19842  
201.000    -1.20384  
202.000    -1.20924  
203.000    -1.21461  
204.000    -1.21997  
205.000    -1.22530  
206.000    -1.23061  
207.000    -1.23590  
208.000    -1.24117  
209.000    -1.24642  
210.000    -1.25166  
211.000    -1.25687  
212.000    -1.26206  
213.000    -1.26723  
214.000    -1.27238  
215.000    -1.27751  
216.000    -1.28262  
217.000    -1.28771  
218.000    -1.29279  
219.000    -1.29784  
220.000    -1.30287  
221.000    -1.30789  
222.000    -1.31289  
223.000    -1.31786  
224.000    -1.32282  
225.000    -1.32776  
226.000    -1.33269  
227.000    -1.33759  
228.000    -1.34248  
229.000    -1.34735  
230.000    -1.35220  
231.000    -1.35703  
232.000    -1.36184  
233.000    -1.36664  
234.000    -1.37142  
235.000    -1.37618  
236.000    -1.38093  
237.000    -1.38566  
238.000    -1.39037  
239.000    -1.39507  
240.000    -1.39975  
241.000    -1.40441  
242.000    -1.40905  
243.000    -1.41368  
244.000    -1.41830  
245.000    -1.42289  
246.000    -1.42748  
247.000    -1.43204  
248.000    -1.43659  
249.000    -1.44113  
250.000    -1.44565  
251.000    -1.45015  
252.000    -1.45464  
253.000    -1.45911  
254.000    -1.46357  
255.000    -1.46802  
256.000    -1.47245  
257.000    -1.47686  
258.000    -1.48127  
259.000    -1.48565  
260.000    -1.49003  
261.000    -1.49439  
262.000    -1.49873  
263.000    -1.50306  
264.000    -1.50738  
265.000    -1.51169  
266.000    -1.51598  
267.000    -1.52025  
268.000    -1.52452  
269.000    -1.52877  
270.000    -1.53301  
271.000    -1.53724  
272.000    -1.54145  
273.000    -1.54565  
274.000    -1.54984  
275.000    -1.55402  
276.000    -1.55819  
277.000    -1.56234  
278.000    -1.56648  
279.000    -1.57061  
280.000    -1.57473  
281.000    -1.57884  
282.000    -1.58293  
283.000    -1.58702  
284.000    -1.59109  
285.000    -1.59515  
286.000    -1.59920  
287.000    -1.60324  
288.000    -1.60727  
289.000    -1.61129  
290.000    -1.61530  
291.000    -1.61930  
292.000    -1.62329  
293.000    -1.62727  
294.000    -1.63124  
295.000    -1.63520  
296.000    -1.63915  
297.000    -1.64309  
298.000    -1.64702  
299.000    -1.65094  
300.000    -1.65486  