 1.000    -0.18904  
  2.000    -0.48618  
  3.000    -0.81802  
  4.000    -1.16056  
  5.000    -1.50258  
  6.000    -1.83835  
  7.000    -2.16492  
  8.000    -2.48087  
  9.000    -2.78563  
 10.000    -3.07912  
 11.000    -3.36156  
 12.000    -3.63332  
 13.000    -3.89487  
 14.000    -4.14673  
 15.000    -4.38941  
 16.000    -4.62344  
 17.000    -4.84933  
 18.000    -5.06755  
 19.000    -5.27858  
 20.000    -5.48284  
 21.000    -5.68074  
 22.000    -5.87266  
 23.000    -6.05896  
 24.000    -6.23998  
 25.000    -6.41603  
 26.000    -6.58740  
 27.000    -6.75435  
 28.000    -6.91715  
 29.000    -7.07603  
 30.000    -7.23122  
 31.000    -7.38290  
 32.000    -7.53129  
 33.000    -7.67656  
 34.000    -7.81887  
 35.000    -7.95839  
 36.000    -8.09526  
 37.000    -8.22962  
 38.000    -8.36160  
 39.000    -8.49133  
 40.000    -8.61891  
 41.000    -8.74445  
 42.000    -8.86806  
 43.000    -8.98982  
 44.000    -9.10983  
 45.000    -9.22818  
 46.000    -9.34493  
 47.000    -9.46017  
 48.000    -9.57397  
 49.000    -9.68638  
 50.000    -9.79748  
 51.000    -9.90732  
 52.000   -10.01596  
 53.000   -10.12344  
 54.000   -10.22983  
 55.000   -10.33517  
 56.000   -10.43949  
 57.000   -10.54285  
 58.000   -10.64528  
 59.000   -10.74682  
 60.000   -10.84750  
 61.000   -10.94737  
 62.000   -11.04644  
 63.000   -11.14476  
 64.000   -11.24235  
 65.000   -11.33923  
 66.000   -11.43544  
 67.000   -11.53099  
 68.000   -11.62592  
 69.000   -11.72023  
 70.000   -11.81396  
 71.000   -11.90712  
 72.000   -11.99974  
 73.000   -12.09182  
 74.000   -12.18339  
 75.000   -12.27446  
 76.000   -12.36505  
 77.000   -12.45518  
 78.000   -12.54485  
 79.000   -12.63407  
 80.000   -12.72287  
 81.000   -12.81126  
 82.000   -12.89923  
 83.000   -12.98682  
 84.000   -13.07401  
 85.000   -13.16084  
 86.000   -13.24729  
 87.000   -13.33339  
 88.000   -13.41915  
 89.000   -13.50456  
 90.000   -13.58963  
 91.000   -13.67438  
 92.000   -13.75881  
 93.000   -13.84293  
 94.000   -13.92674  
 95.000   -14.01025  
 96.000   -14.09346  
 97.000   -14.17638  
 98.000   -14.25902  
 99.000   -14.34138  
100.000   -14.42345  
101.000   -14.50526  
102.000   -14.58680  
103.000   -14.66807  
104.000   -14.74908  
105.000   -14.82984  
106.000   -14.91034  
107.000   -14.99059  
108.000   -15.07059  
109.000   -15.15034  
110.000   -15.22986  
111.000   -15.30913  
112.000   -15.38816  
113.000   -15.46696  
114.000   -15.54553  
115.000   -15.62386  
116.000   -15.70196  
117.000   -15.77984  
118.000   -15.85749  
119.000   -15.93491  
120.000   -16.01211  
121.000   -16.08909  
122.000   -16.16585  
123.000   -16.24239  
124.000   -16.31871  
125.000   -16.39482  
126.000   -16.47071  
127.000   -16.54638  
128.000   -16.62184  
129.000   -16.69709  
130.000   -16.77212  
131.000   -16.84694  
132.000   -16.92156  
133.000   -16.99596  
134.000   -17.07015  
135.000   -17.14413  
136.000   -17.21791  
137.000   -17.29148  
138.000   -17.36483  
139.000   -17.43799  
140.000   -17.51093  
141.000   -17.58367  
142.000   -17.65620  
143.000   -17.72853  
144.000   -17.80065  
145.000   -17.87257  
146.000   -17.94428  
147.000   -18.01578  
148.000   -18.08709  
149.000   -18.15818  
150.000   -18.22908  
151.000   -18.29976  
152.000   -18.37025  
153.000   -18.44053  
154.000   -18.51060  
155.000   -18.58047  
156.000   -18.65014  
157.000   -18.71961  
158.000   -18.78887  
159.000   -18.85792  
160.000   -18.92677  
161.000   -18.99542  
162.000   -19.06387  
163.000   -19.13210  
164.000   -19.20014  
165.000   -19.26797  
166.000   -19.33560  
167.000   -19.40302  
168.000   -19.47024  
169.000   -19.53726  
170.000   -19.60407  
171.000   -19.67067  
172.000   -19.73707  
173.000   -19.80327  
174.000   -19.86926  
175.000   -19.93504  
176.000   -20.00063  
177.000   -20.06600  
178.000   -20.13117  
179.000   -20.19614  
180.000   -20.26090  
181.000   -20.32545  
182.000   -20.38980  
183.000   -20.45394  
184.000   -20.51788  
185.000   -20.58161  
186.000   -20.64513  
187.000   -20.70845  
188.000   -20.77156  
189.000   -20.83446  
190.000   -20.89716  
191.000   -20.95965  
192.000   -21.02194  
193.000   -21.08401  
194.000   -21.14588  
195.000   -21.20755  
196.000   -21.26900  
197.000   -21.33025  
198.000   -21.39129  
199.000   -21.45212  
200.000   -21.51275  
201.000   -21.57317  
202.000   -21.63338  
203.000   -21.69338  
204.000   -21.75317  
205.000   -21.81275  
206.000   -21.87213  
207.000   -21.93130  
208.000   -21.99026  
209.000   -22.04901  
210.000   -22.10755  
211.000   -22.16588  
212.000   -22.22401  
213.000   -22.28192  
214.000   -22.33963  
215.000   -22.39713  
216.000   -22.45441  
217.000   -22.51149  
218.000   -22.56836  
219.000   -22.62502  
220.000   -22.68147  
221.000   -22.73772  
222.000   -22.79375  
223.000   -22.84957  
224.000   -22.90518  
225.000   -22.96059  
226.000   -23.01578  
227.000   -23.07077  
228.000   -23.12554  
229.000   -23.18011  
230.000   -23.23446  
231.000   -23.28861  
232.000   -23.34254  
233.000   -23.39627  
234.000   -23.44978  
235.000   -23.50309  
236.000   -23.55619  
237.000   -23.60907  
238.000   -23.66175  
239.000   -23.71421  
240.000   -23.76647  
241.000   -23.81852  
242.000   -23.87036  
243.000   -23.92198  
244.000   -23.97340  
245.000   -24.02461  
246.000   -24.07561  
247.000   -24.12639  
248.000   -24.17697  
249.000   -24.22734  
250.000   -24.27750  
251.000   -24.32745  
252.000   -24.37719  
253.000   -24.42672  
254.000   -24.47604  
255.000   -24.52515  
256.000   -24.57406  
257.000   -24.62275  
258.000   -24.67123  
259.000   -24.71951  
260.000   -24.76757  
261.000   -24.81543  
262.000   -24.86308  
263.000   -24.91051  
264.000   -24.95774  
265.000   -25.00476  
266.000   -25.05158  
267.000   -25.09818  
268.000   -25.14457  
269.000   -25.19076  
270.000   -25.23674  
271.000   -25.28251  
272.000   -25.32807  
273.000   -25.37342  
274.000   -25.41856  
275.000   -25.46350  
276.000   -25.50823  
277.000   -25.55275  
278.000   -25.59706  
279.000   -25.64117  
280.000   -25.68507  
281.000   -25.72876  
282.000   -25.77225  
283.000   -25.81552  
284.000   -25.85859  
285.000   -25.90146  
286.000   -25.94411  
287.000   -25.98656  
288.000   -26.02881  
289.000   -26.07084  
290.000   -26.11267  
291.000   -26.15430  
292.000   -26.19572  
293.000   -26.23693  
294.000   -26.27794  
295.000   -26.31874  
296.000   -26.35934  
297.000   -26.39973  
298.000   -26.43992  
299.000   -26.47990  
300.000   -26.51968  
