  1.000    62.11307  
  2.000    64.53281  
  3.000    64.74043  
  4.000    64.34797  
  5.000    63.73511  
  6.000    63.03374  
  7.000    62.29919  
  8.000    61.55728  
  9.000    60.82077  
 10.000    60.09611  
 11.000    59.38646  
 12.000    58.69324  
 13.000    58.01687  
 14.000    57.35725  
 15.000    56.71398  
 16.000    56.08649  
 17.000    55.47412  
 18.000    54.87621  
 19.000    54.29207  
 20.000    53.72107  
 21.000    53.16255  
 22.000    52.61593  
 23.000    52.08063  
 24.000    51.55614  
 25.000    51.04194  
 26.000    50.53757  
 27.000    50.04259  
 28.000    49.55659  
 29.000    49.07919  
 30.000    48.61003  
 31.000    48.14877  
 32.000    47.69509  
 33.000    47.24870  
 34.000    46.80932  
 35.000    46.37668  
 36.000    45.95055  
 37.000    45.53067  
 38.000    45.11684  
 39.000    44.70884  
 40.000    44.30649  
 41.000    43.90958  
 42.000    43.51795  
 43.000    43.13142  
 44.000    42.74984  
 45.000    42.37306  
 46.000    42.00093  
 47.000    41.63331  
 48.000    41.27008  
 49.000    40.91111  
 50.000    40.55627  
 51.000    40.20546  
 52.000    39.85857  
 53.000    39.51549  
 54.000    39.17612  
 55.000    38.84037  
 56.000    38.50815  
 57.000    38.17936  
 58.000    37.85392  
 59.000    37.53176  
 60.000    37.21279  
 61.000    36.89694  
 62.000    36.58414  
 63.000    36.27431  
 64.000    35.96739  
 65.000    35.66332  
 66.000    35.36202  
 67.000    35.06346  
 68.000    34.76755  
 69.000    34.47425  
 70.000    34.18351  
 71.000    33.89527  
 72.000    33.60948  
 73.000    33.32609  
 74.000    33.04505  
 75.000    32.76633  
 76.000    32.48986  
 77.000    32.21562  
 78.000    31.94355  
 79.000    31.67362  
 80.000    31.40579  
 81.000    31.14002  
 82.000    30.87627  
 83.000    30.61450  
 84.000    30.35469  
 85.000    30.09680  
 86.000    29.84078  
 87.000    29.58662  
 88.000    29.33428  
 89.000    29.08373  
 90.000    28.83494  
 91.000    28.58787  
 92.000    28.34251  
 93.000    28.09883  
 94.000    27.85679  
 95.000    27.61638  
 96.000    27.37756  
 97.000    27.14031  
 98.000    26.90461  
 99.000    26.67043  
100.000    26.43776  
101.000    26.20656  
102.000    25.97682  
103.000    25.74851  
104.000    25.52162  
105.000    25.29611  
106.000    25.07199  
107.000    24.84921  
108.000    24.62777  
109.000    24.40764  
110.000    24.18882  
111.000    23.97127  
112.000    23.75498  
113.000    23.53994  
114.000    23.32612  
115.000    23.11352  
116.000    22.90211  
117.000    22.69188  
118.000    22.48281  
119.000    22.27489  
120.000    22.06811  
121.000    21.86245  
122.000    21.65789  
123.000    21.45442  
124.000    21.25203  
125.000    21.05071  
126.000    20.85044  
127.000    20.65120  
128.000    20.45299  
129.000    20.25579  
130.000    20.05960  
131.000    19.86439  
132.000    19.67016  
133.000    19.47690  
134.000    19.28459  
135.000    19.09322  
136.000    18.90279  
137.000    18.71328  
138.000    18.52468  
139.000    18.33698  
140.000    18.15017  
141.000    17.96425  
142.000    17.77919  
143.000    17.59500  
144.000    17.41165  
145.000    17.22916  
146.000    17.04749  
147.000    16.86665  
148.000    16.68662  
149.000    16.50740  
150.000    16.32899  
151.000    16.15136  
152.000    15.97451  
153.000    15.79843  
154.000    15.62313  
155.000    15.44858  
156.000    15.27478  
157.000    15.10172  
158.000    14.92940  
159.000    14.75780  
160.000    14.58693  
161.000    14.41677  
162.000    14.24731  
163.000    14.07856  
164.000    13.91049  
165.000    13.74312  
166.000    13.57642  
167.000    13.41039  
168.000    13.24503  
169.000    13.08033  
170.000    12.91629  
171.000    12.75289  
172.000    12.59013  
173.000    12.42801  
174.000    12.26651  
175.000    12.10564  
176.000    11.94539  
177.000    11.78575  
178.000    11.62672  
179.000    11.46828  
180.000    11.31045  
181.000    11.15320  
182.000    10.99654  
183.000    10.84046  
184.000    10.68495  
185.000    10.53002  
186.000    10.37565  
187.000    10.22183  
188.000    10.06858  
189.000     9.91587  
190.000     9.76371  
191.000     9.61209  
192.000     9.46101  
193.000     9.31045  
194.000     9.16043  
195.000     9.01093  
196.000     8.86195  
197.000     8.71348  
198.000     8.56552  
199.000     8.41806  
200.000     8.27111  
201.000     8.12466  
202.000     7.97870  
203.000     7.83323  
204.000     7.68824  
205.000     7.54374  
206.000     7.39971  
207.000     7.25616  
208.000     7.11308  
209.000     6.97047  
210.000     6.82831  
211.000     6.68662  
212.000     6.54539  
213.000     6.40460  
214.000     6.26427  
215.000     6.12438  
216.000     5.98493  
217.000     5.84592  
218.000     5.70734  
219.000     5.56920  
220.000     5.43149  
221.000     5.29420  
222.000     5.15734  
223.000     5.02089  
224.000     4.88486  
225.000     4.74924  
226.000     4.61404  
227.000     4.47924  
228.000     4.34484  
229.000     4.21085  
230.000     4.07725  
231.000     3.94405  
232.000     3.81124  
233.000     3.67882  
234.000     3.54679  
235.000     3.41515  
236.000     3.28388  
237.000     3.15300  
238.000     3.02249  
239.000     2.89235  
240.000     2.76259  
241.000     2.63319  
242.000     2.50416  
243.000     2.37549  
244.000     2.24719  
245.000     2.11924  
246.000     1.99165  
247.000     1.86441  
248.000     1.73753  
249.000     1.61099  
250.000     1.48480  
251.000     1.35895  
252.000     1.23345  
253.000     1.10829  
254.000     0.98346  
255.000     0.85897  
256.000     0.73481  
257.000     0.61099  
258.000     0.48749  
259.000     0.36432  
260.000     0.24147  
261.000     0.11895  
262.000    -0.00326  
263.000    -0.12514  
264.000    -0.24671  
265.000    -0.36796  
266.000    -0.48890  
267.000    -0.60953  
268.000    -0.72985  
269.000    -0.84987  
270.000    -0.96958  
271.000    -1.08899  
272.000    -1.20809  
273.000    -1.32690  
274.000    -1.44541  
275.000    -1.56362  
276.000    -1.68154  
277.000    -1.79917  
278.000    -1.91651  
279.000    -2.03356  
280.000    -2.15032  
281.000    -2.26680  
282.000    -2.38299  
283.000    -2.49891  
284.000    -2.61454  
285.000    -2.72989  
286.000    -2.84497  
287.000    -2.95977  
288.000    -3.07430  
289.000    -3.18856  
290.000    -3.30255  
291.000    -3.41626  
292.000    -3.52971  
293.000    -3.64290  
294.000    -3.75582  
295.000    -3.86848  
296.000    -3.98088  
297.000    -4.09301  
298.000    -4.20489  
299.000    -4.31652  
300.000    -4.42788  
