 1.000    -0.00008  
  2.000    -0.00072  
  3.000    -0.00252  
  4.000    -0.00590  
  5.000    -0.01110  
  6.000    -0.01825  
  7.000    -0.02737  
  8.000    -0.03841  
  9.000    -0.05131  
 10.000    -0.06596  
 11.000    -0.08224  
 12.000    -0.10002  
 13.000    -0.11918  
 14.000    -0.13959  
 15.000    -0.16114  
 16.000    -0.18371  
 17.000    -0.20719  
 18.000    -0.23148  
 19.000    -0.25650  
 20.000    -0.28215  
 21.000    -0.30836  
 22.000    -0.33505  
 23.000    -0.36216  
 24.000    -0.38962  
 25.000    -0.41737  
 26.000    -0.44538  
 27.000    -0.47358  
 28.000    -0.50193  
 29.000    -0.53040  
 30.000    -0.55895  
 31.000    -0.58755  
 32.000    -0.61616  
 33.000    -0.64476  
 34.000    -0.67333  
 35.000    -0.70184  
 36.000    -0.73026  
 37.000    -0.75859  
 38.000    -0.78681  
 39.000    -0.81490  
 40.000    -0.84284  
 41.000    -0.87063  
 42.000    -0.89825  
 43.000    -0.92570  
 44.000    -0.95295  
 45.000    -0.98002  
 46.000    -1.00688  
 47.000    -1.03353  
 48.000    -1.05998  
 49.000    -1.08620  
 50.000    -1.11220  
 51.000    -1.13797  
 52.000    -1.16352  
 53.000    -1.18883  
 54.000    -1.21391  
 55.000    -1.23875  
 56.000    -1.26336  
 57.000    -1.28772  
 58.000    -1.31185  
 59.000    -1.33574  
 60.000    -1.35938  
 61.000    -1.38279  
 62.000    -1.40596  
 63.000    -1.42889  
 64.000    -1.45158  
 65.000    -1.47404  
 66.000    -1.49626  
 67.000    -1.51825  
 68.000    -1.54000  
 69.000    -1.56152  
 70.000    -1.58281  
 71.000    -1.60387  
 72.000    -1.62471  
 73.000    -1.64533  
 74.000    -1.66572  
 75.000    -1.68589  
 76.000    -1.70585  
 77.000    -1.72559  
 78.000    -1.74512  
 79.000    -1.76444  
 80.000    -1.78355  
 81.000    -1.80246  
 82.000    -1.82116  
 83.000    -1.83966  
 84.000    -1.85797  
 85.000    -1.87608  
 86.000    -1.89400  
 87.000    -1.91173  
 88.000    -1.92928  
 89.000    -1.94664  
 90.000    -1.96382  
 91.000    -1.98082  
 92.000    -1.99764  
 93.000    -2.01430  
 94.000    -2.03078  
 95.000    -2.04710  
 96.000    -2.06325  
 97.000    -2.07924  
 98.000    -2.09507  
 99.000    -2.11075  
100.000    -2.12627  
101.000    -2.14164  
102.000    -2.15687  
103.000    -2.17194  
104.000    -2.18688  
105.000    -2.20168  
106.000    -2.21634  
107.000    -2.23086  
108.000    -2.24526  
109.000    -2.25952  
110.000    -2.27366  
111.000    -2.28767  
112.000    -2.30157  
113.000    -2.31534  
114.000    -2.32900  
115.000    -2.34254  
116.000    -2.35598  
117.000    -2.36930  
118.000    -2.38252  
119.000    -2.39564  
120.000    -2.40866  
121.000    -2.42157  
122.000    -2.43439  
123.000    -2.44712  
124.000    -2.45976  
125.000    -2.47230  
126.000    -2.48476  
127.000    -2.49714  
128.000    -2.50943  
129.000    -2.52165  
130.000    -2.53378  
131.000    -2.54584  
132.000    -2.55783  
133.000    -2.56975  
134.000    -2.58160  
135.000    -2.59338  
136.000    -2.60509  
137.000    -2.61675  
138.000    -2.62834  
139.000    -2.63988  
140.000    -2.65136  
141.000    -2.66278  
142.000    -2.67416  
143.000    -2.68548  
144.000    -2.69676  
145.000    -2.70798  
146.000    -2.71917  
147.000    -2.73031  
148.000    -2.74141  
149.000    -2.75247  
150.000    -2.76350  
151.000    -2.77449  
152.000    -2.78545  
153.000    -2.79637  
154.000    -2.80727  
155.000    -2.81813  
156.000    -2.82897  
157.000    -2.83979  
158.000    -2.85058  
159.000    -2.86135  
160.000    -2.87211  
161.000    -2.88284  
162.000    -2.89356  
163.000    -2.90426  
164.000    -2.91495  
165.000    -2.92563  
166.000    -2.93629  
167.000    -2.94695  
168.000    -2.95760  
169.000    -2.96825  
170.000    -2.97889  
171.000    -2.98952  
172.000    -3.00016  
173.000    -3.01079  
174.000    -3.02143  
175.000    -3.03207  
176.000    -3.04271  
177.000    -3.05336  
178.000    -3.06401  
179.000    -3.07468  
180.000    -3.08535  
181.000    -3.09603  
182.000    -3.10672  
183.000    -3.11743  
184.000    -3.12814  
185.000    -3.13888  
186.000    -3.14963  
187.000    -3.16040  
188.000    -3.17118  
189.000    -3.18199  
190.000    -3.19282  
191.000    -3.20367  
192.000    -3.21454  
193.000    -3.22543  
194.000    -3.23635  
195.000    -3.24730  
196.000    -3.25828  
197.000    -3.26928  
198.000    -3.28031  
199.000    -3.29137  
200.000    -3.30246  
201.000    -3.31359  
202.000    -3.32474  
203.000    -3.33593  
204.000    -3.34716  
205.000    -3.35842  
206.000    -3.36972  
207.000    -3.38105  
208.000    -3.39243  
209.000    -3.40384  
210.000    -3.41529  
211.000    -3.42678  
212.000    -3.43832  
213.000    -3.44989  
214.000    -3.46151  
215.000    -3.47317  
216.000    -3.48488  
217.000    -3.49663  
218.000    -3.50843  
219.000    -3.52028  
220.000    -3.53217  
221.000    -3.54411  
222.000    -3.55610  
223.000    -3.56814  
224.000    -3.58023  
225.000    -3.59237  
226.000    -3.60456  
227.000    -3.61680  
228.000    -3.62909  
229.000    -3.64144  
230.000    -3.65384  
231.000    -3.66630  
232.000    -3.67881  
233.000    -3.69137  
234.000    -3.70400  
235.000    -3.71667  
236.000    -3.72941  
237.000    -3.74220  
238.000    -3.75505  
239.000    -3.76796  
240.000    -3.78093  
241.000    -3.79396  
242.000    -3.80704  
243.000    -3.82019  
244.000    -3.83340  
245.000    -3.84667  
246.000    -3.86000  
247.000    -3.87339  
248.000    -3.88685  
249.000    -3.90037  
250.000    -3.91395  
251.000    -3.92760  
252.000    -3.94131  
253.000    -3.95508  
254.000    -3.96892  
255.000    -3.98282  
256.000    -3.99679  
257.000    -4.01083  
258.000    -4.02493  
259.000    -4.03910  
260.000    -4.05333  
261.000    -4.06763  
262.000    -4.08200  
263.000    -4.09644  
264.000    -4.11094  
265.000    -4.12552  
266.000    -4.14016  
267.000    -4.15487  
268.000    -4.16965  
269.000    -4.18450  
270.000    -4.19941  
271.000    -4.21440  
272.000    -4.22946  
273.000    -4.24458  
274.000    -4.25978  
275.000    -4.27505  
276.000    -4.29039  
277.000    -4.30580  
278.000    -4.32128  
279.000    -4.33683  
280.000    -4.35246  
281.000    -4.36815  
282.000    -4.38392  
283.000    -4.39976  
284.000    -4.41567  
285.000    -4.43166  
286.000    -4.44771  
287.000    -4.46384  
288.000    -4.48004  
289.000    -4.49632  
290.000    -4.51266  
291.000    -4.52908  
292.000    -4.54558  
293.000    -4.56214  
294.000    -4.57878  
295.000    -4.59550  
296.000    -4.61229  
297.000    -4.62915  
298.000    -4.64608  
299.000    -4.66309  
300.000    -4.68017  