 1.000    -0.10791  
  2.000    -0.28439  
  3.000    -0.48908  
  4.000    -0.70775  
  5.000    -0.93299  
  6.000    -1.16055  
  7.000    -1.38780  
  8.000    -1.61312  
  9.000    -1.83549  
 10.000    -2.05429  
 11.000    -2.26913  
 12.000    -2.47983  
 13.000    -2.68628  
 14.000    -2.88848  
 15.000    -3.08649  
 16.000    -3.28038  
 17.000    -3.47027  
 18.000    -3.65627  
 19.000    -3.83852  
 20.000    -4.01715  
 21.000    -4.19230  
 22.000    -4.36411  
 23.000    -4.53272  
 24.000    -4.69825  
 25.000    -4.86083  
 26.000    -5.02058  
 27.000    -5.17763  
 28.000    -5.33209  
 29.000    -5.48406  
 30.000    -5.63365  
 31.000    -5.78097  
 32.000    -5.92609  
 33.000    -6.06912  
 34.000    -6.21014  
 35.000    -6.34924  
 36.000    -6.48648  
 37.000    -6.62195  
 38.000    -6.75572  
 39.000    -6.88785  
 40.000    -7.01840  
 41.000    -7.14745  
 42.000    -7.27504  
 43.000    -7.40123  
 44.000    -7.52608  
 45.000    -7.64963  
 46.000    -7.77194  
 47.000    -7.89305  
 48.000    -8.01300  
 49.000    -8.13183  
 50.000    -8.24959  
 51.000    -8.36632  
 52.000    -8.48204  
 53.000    -8.59679  
 54.000    -8.71061  
 55.000    -8.82354  
 56.000    -8.93558  
 57.000    -9.04679  
 58.000    -9.15718  
 59.000    -9.26679  
 60.000    -9.37563  
 61.000    -9.48373  
 62.000    -9.59112  
 63.000    -9.69781  
 64.000    -9.80383  
 65.000    -9.90920  
 66.000   -10.01394  
 67.000   -10.11807  
 68.000   -10.22160  
 69.000   -10.32455  
 70.000   -10.42694  
 71.000   -10.52879  
 72.000   -10.63010  
 73.000   -10.73090  
 74.000   -10.83120  
 75.000   -10.93101  
 76.000   -11.03034  
 77.000   -11.12921  
 78.000   -11.22763  
 79.000   -11.32561  
 80.000   -11.42317  
 81.000   -11.52030  
 82.000   -11.61703  
 83.000   -11.71335  
 84.000   -11.80929  
 85.000   -11.90485  
 86.000   -12.00004  
 87.000   -12.09487  
 88.000   -12.18934  
 89.000   -12.28347  
 90.000   -12.37725  
 91.000   -12.47071  
 92.000   -12.56384  
 93.000   -12.65665  
 94.000   -12.74915  
 95.000   -12.84135  
 96.000   -12.93324  
 97.000   -13.02484  
 98.000   -13.11615  
 99.000   -13.20718  
100.000   -13.29793  
101.000   -13.38841  
102.000   -13.47862  
103.000   -13.56857  
104.000   -13.65825  
105.000   -13.74769  
106.000   -13.83687  
107.000   -13.92580  
108.000   -14.01450  
109.000   -14.10295  
110.000   -14.19117  
111.000   -14.27915  
112.000   -14.36691  
113.000   -14.45444  
114.000   -14.54175  
115.000   -14.62884  
116.000   -14.71571  
117.000   -14.80237  
118.000   -14.88882  
119.000   -14.97506  
120.000   -15.06110  
121.000   -15.14693  
122.000   -15.23256  
123.000   -15.31800  
124.000   -15.40323  
125.000   -15.48828  
126.000   -15.57313  
127.000   -15.65779  
128.000   -15.74226  
129.000   -15.82655  
130.000   -15.91065  
131.000   -15.99457  
132.000   -16.07831  
133.000   -16.16187  
134.000   -16.24525  
135.000   -16.32845  
136.000   -16.41149  
137.000   -16.49434  
138.000   -16.57703  
139.000   -16.65955  
140.000   -16.74189  
141.000   -16.82407  
142.000   -16.90609  
143.000   -16.98794  
144.000   -17.06962  
145.000   -17.15114  
146.000   -17.23250  
147.000   -17.31370  
148.000   -17.39474  
149.000   -17.47562  
150.000   -17.55635  
151.000   -17.63691  
152.000   -17.71733  
153.000   -17.79758  
154.000   -17.87768  
155.000   -17.95763  
156.000   -18.03743  
157.000   -18.11708  
158.000   -18.19657  
159.000   -18.27592  
160.000   -18.35512  
161.000   -18.43416  
162.000   -18.51307  
163.000   -18.59182  
164.000   -18.67043  
165.000   -18.74889  
166.000   -18.82721  
167.000   -18.90538  
168.000   -18.98341  
169.000   -19.06129  
170.000   -19.13904  
171.000   -19.21664  
172.000   -19.29410  
173.000   -19.37142  
174.000   -19.44860  
175.000   -19.52564  
176.000   -19.60254  
177.000   -19.67930  
178.000   -19.75592  
179.000   -19.83241  
180.000   -19.90876  
181.000   -19.98497  
182.000   -20.06104  
183.000   -20.13698  
184.000   -20.21278  
185.000   -20.28845  
186.000   -20.36399  
187.000   -20.43938  
188.000   -20.51465  
189.000   -20.58978  
190.000   -20.66478  
191.000   -20.73965  
192.000   -20.81438  
193.000   -20.88898  
194.000   -20.96345  
195.000   -21.03779  
196.000   -21.11200  
197.000   -21.18607  
198.000   -21.26002  
199.000   -21.33384  
200.000   -21.40752  
201.000   -21.48108  
202.000   -21.55451  
203.000   -21.62781  
204.000   -21.70098  
205.000   -21.77403  
206.000   -21.84694  
207.000   -21.91973  
208.000   -21.99239  
209.000   -22.06493  
210.000   -22.13734  
211.000   -22.20962  
212.000   -22.28178  
213.000   -22.35381  
214.000   -22.42571  
215.000   -22.49749  
216.000   -22.56915  
217.000   -22.64068  
218.000   -22.71208  
219.000   -22.78337  
220.000   -22.85453  
221.000   -22.92556  
222.000   -22.99647  
223.000   -23.06726  
224.000   -23.13793  
225.000   -23.20847  
226.000   -23.27889  
227.000   -23.34919  
228.000   -23.41937  
229.000   -23.48943  
230.000   -23.55936  
231.000   -23.62918  
232.000   -23.69887  
233.000   -23.76845  
234.000   -23.83790  
235.000   -23.90723  
236.000   -23.97644  
237.000   -24.04554  
238.000   -24.11451  
239.000   -24.18337  
240.000   -24.25210  
241.000   -24.32072  
242.000   -24.38922  
243.000   -24.45760  
244.000   -24.52587  
245.000   -24.59401  
246.000   -24.66204  
247.000   -24.72995  
248.000   -24.79774  
249.000   -24.86542  
250.000   -24.93298  
251.000   -25.00043  
252.000   -25.06775  
253.000   -25.13497  
254.000   -25.20206  
255.000   -25.26905  
256.000   -25.33591  
257.000   -25.40266  
258.000   -25.46930  
259.000   -25.53582  
260.000   -25.60223  
261.000   -25.66852  
262.000   -25.73470  
263.000   -25.80077  
264.000   -25.86672  
265.000   -25.93256  
266.000   -25.99829  
267.000   -26.06390  
268.000   -26.12940  
269.000   -26.19479  
270.000   -26.26007  
271.000   -26.32523  
272.000   -26.39028  
273.000   -26.45522  
274.000   -26.52005  
275.000   -26.58477  
276.000   -26.64938  
277.000   -26.71388  
278.000   -26.77827  
279.000   -26.84254  
280.000   -26.90671  
281.000   -26.97077  
282.000   -27.03471  
283.000   -27.09855  
284.000   -27.16228  
285.000   -27.22590  
286.000   -27.28941  
287.000   -27.35282  
288.000   -27.41611  
289.000   -27.47930  
290.000   -27.54238  
291.000   -27.60535  
292.000   -27.66821  
293.000   -27.73097  
294.000   -27.79362  
295.000   -27.85616  
296.000   -27.91860  
297.000   -27.98093  
298.000   -28.04315  
299.000   -28.10527  
300.000   -28.16728  