  1.000     0.02208   0.00001  -0.00131  
  2.000     0.06317    0.00009  -0.00662  
  3.000     0.11699    0.00034  -0.01644  
  4.000     0.18110    0.00083  -0.03058  
  5.000     0.25392    0.00162  -0.04866  
  6.000     0.33429    0.00275  -0.07023  
  7.000     0.42130    0.00424  -0.09485  
  8.000     0.51416    0.00613  -0.12211  
  9.000     0.61224    0.00841  -0.15163  
 10.000     0.71497    0.01108  -0.18309  
 11.000     0.82186    0.01414  -0.21618  
 12.000     0.93247    0.01758  -0.25067  
 13.000     1.04641    0.02138  -0.28631  
 14.000     1.16334    0.02555  -0.32290  
 15.000     1.28293    0.03005  -0.36028  
 16.000     1.40490    0.03489  -0.39830  
 17.000     1.52899    0.04003  -0.43681  
 18.000     1.65497    0.04547  -0.47569  
 19.000     1.78260    0.05119  -0.51486  
 20.000     1.91170    0.05718  -0.55420  
 21.000     2.04207    0.06342  -0.59364  
 22.000     2.17355    0.06989  -0.63312  
 23.000     2.30598    0.07659  -0.67256  
 24.000     2.43921    0.08350  -0.71190  
 25.000     2.57310    0.09061  -0.75111  
 26.000     2.70753    0.09791  -0.79014  
 27.000     2.84238    0.10537  -0.82894  
 28.000     2.97755    0.11301  -0.86748  
 29.000     3.11292    0.12079  -0.90574  
 30.000     3.24841    0.12872  -0.94368  
 31.000     3.38393    0.13678  -0.98128  
 32.000     3.51939    0.14497  -1.01853  
 33.000     3.65471    0.15328  -1.05539  
 34.000     3.78984    0.16169  -1.09186  
 35.000     3.92469    0.17021  -1.12792  
 36.000     4.05921    0.17882  -1.16356  
 37.000     4.19334    0.18752  -1.19877  
 38.000     4.32702    0.19630  -1.23354  
 39.000     4.46020    0.20515  -1.26785  
 40.000     4.59284    0.21408  -1.30172  
 41.000     4.72489    0.22307  -1.33512  
 42.000     4.85631    0.23212  -1.36805  
 43.000     4.98707    0.24122  -1.40052  
 44.000     5.11712    0.25037  -1.43251  
 45.000     5.24644    0.25957  -1.46403  
 46.000     5.37499    0.26881  -1.49508  
 47.000     5.50274    0.27808  -1.52565  
 48.000     5.62968    0.28739  -1.55574  
 49.000     5.75578    0.29673  -1.58535  
 50.000     5.88101    0.30609  -1.61449  
 51.000     6.00535    0.31548  -1.64316  
 52.000     6.12879    0.32489  -1.67135  
 53.000     6.25131    0.33431  -1.69907  
 54.000     6.37289    0.34375  -1.72632  
 55.000     6.49352    0.35320  -1.75311  
 56.000     6.61319    0.36266  -1.77943  
 57.000     6.73188    0.37213  -1.80530  
 58.000     6.84959    0.38160  -1.83070  
 59.000     6.96631    0.39108  -1.85565  
 60.000     7.08203    0.40055  -1.88016  
 61.000     7.19674    0.41002  -1.90421  
 62.000     7.31044    0.41949  -1.92783  
 63.000     7.42312    0.42896  -1.95100  
 64.000     7.53477    0.43841  -1.97375  
 65.000     7.64541    0.44786  -1.99606  
 66.000     7.75501    0.45729  -2.01794  
 67.000     7.86359    0.46672  -2.03941  
 68.000     7.97113    0.47613  -2.06046  
 69.000     8.07765    0.48552  -2.08110  
 70.000     8.18314    0.49490  -2.10133  
 71.000     8.28759    0.50426  -2.12115  
 72.000     8.39102    0.51360  -2.14058  
 73.000     8.49343    0.52291  -2.15962  
 74.000     8.59481    0.53221  -2.17826  
 75.000     8.69517    0.54148  -2.19653  
 76.000     8.79452    0.55073  -2.21441  
 77.000     8.89285    0.55996  -2.23192  
 78.000     8.99018    0.56915  -2.24906  
 79.000     9.08650    0.57832  -2.26584  
 80.000     9.18182    0.58746  -2.28225  
 81.000     9.27615    0.59657  -2.29831  
 82.000     9.36948    0.60565  -2.31402  
 83.000     9.46184    0.61470  -2.32939  
 84.000     9.55322    0.62371  -2.34441  
 85.000     9.64363    0.63269  -2.35910  
 86.000     9.73307    0.64164  -2.37345  
 87.000     9.82156    0.65055  -2.38748  
 88.000     9.90909    0.65942  -2.40119  
 89.000     9.99568    0.66826  -2.41458  
 90.000    10.08133    0.67705  -2.42765  
 91.000    10.16606    0.68581  -2.44042  
 92.000    10.24986    0.69453  -2.45288  
 93.000    10.33275    0.70321  -2.46504  
 94.000    10.41473    0.71185  -2.47690  
 95.000    10.49581    0.72045  -2.48848  
 96.000    10.57600    0.72900  -2.49977  
 97.000    10.65530    0.73751  -2.51077  
 98.000    10.73373    0.74597  -2.52150  
 99.000    10.81129    0.75439  -2.53195  
100.000    10.88799    0.76277  -2.54213  
101.000    10.96384    0.77110  -2.55205  
102.000    11.03885    0.77938  -2.56170  
103.000    11.11302    0.78761  -2.57110  
104.000    11.18636    0.79579  -2.58024  
105.000    11.25889    0.80393  -2.58914  
106.000    11.33060    0.81201  -2.59778  
107.000    11.40151    0.82005  -2.60619  
108.000    11.47163    0.82803  -2.61435  
109.000    11.54096    0.83597  -2.62228  
110.000    11.60951    0.84385  -2.62999  
111.000    11.67729    0.85167  -2.63746  
112.000    11.74431    0.85945  -2.64471  
113.000    11.81058    0.86717  -2.65174  
114.000    11.87610    0.87483  -2.65855  
115.000    11.94089    0.88244  -2.66515  
116.000    12.00494    0.89000  -2.67154  
117.000    12.06828    0.89750  -2.67772  
118.000    12.13090    0.90494  -2.68370  
119.000    12.19282    0.91232  -2.68949  
120.000    12.25404    0.91965  -2.69507  
121.000    12.31457    0.92692  -2.70046  
122.000    12.37441    0.93413  -2.70566  
123.000    12.43359    0.94128  -2.71068  
124.000    12.49209    0.94837  -2.71551  
125.000    12.54994    0.95539  -2.72016  
126.000    12.60714    0.96236  -2.72464  
127.000    12.66369    0.96927  -2.72893  
128.000    12.71961    0.97611  -2.73306  
129.000    12.77490    0.98290  -2.73702  
130.000    12.82957    0.98962  -2.74081  
131.000    12.88362    0.99627  -2.74444  
132.000    12.93707    1.00286  -2.74791  
133.000    12.98992    1.00939  -2.75122  
134.000    13.04217    1.01586  -2.75437  
135.000    13.09384    1.02226  -2.75738  
136.000    13.14493    1.02859  -2.76023  
137.000    13.19545    1.03486  -2.76294  
138.000    13.24541    1.04106  -2.76550  
139.000    13.29480    1.04719  -2.76792  
140.000    13.34365    1.05326  -2.77020  
141.000    13.39195    1.05926  -2.77234  
142.000    13.43971    1.06519  -2.77435  
143.000    13.48694    1.07106  -2.77622  
144.000    13.53364    1.07685  -2.77797  
145.000    13.57983    1.08258  -2.77959  
146.000    13.62550    1.08824  -2.78108  
147.000    13.67067    1.09383  -2.78245  
148.000    13.71534    1.09934  -2.78370  
149.000    13.75951    1.10479  -2.78483  
150.000    13.80319    1.11017  -2.78584  
151.000    13.84639    1.11548  -2.78674  
152.000    13.88912    1.12071  -2.78752  
153.000    13.93137    1.12588  -2.78820  
154.000    13.97316    1.13097  -2.78876  
155.000    14.01449    1.13599  -2.78922  
156.000    14.05537    1.14093  -2.78958  
157.000    14.09579    1.14581  -2.78983  
158.000    14.13578    1.15061  -2.78998  
159.000    14.17533    1.15534  -2.79003  
160.000    14.21444    1.16000  -2.78999  
161.000    14.25313    1.16458  -2.78985  
162.000    14.29140    1.16909  -2.78962  
163.000    14.32925    1.17352  -2.78929  
164.000    14.36670    1.17788  -2.78888  
165.000    14.40373    1.18216  -2.78838  
166.000    14.44036    1.18637  -2.78779  
167.000    14.47660    1.19051  -2.78711  
168.000    14.51245    1.19457  -2.78635  
169.000    14.54790    1.19855  -2.78551  
170.000    14.58298    1.20246  -2.78460  
171.000    14.61768    1.20629  -2.78360  
172.000    14.65201    1.21005  -2.78252  
173.000    14.68596    1.21373  -2.78137  
174.000    14.71956    1.21733  -2.78015  
175.000    14.75279    1.22086  -2.77885  
176.000    14.78567    1.22431  -2.77748  
177.000    14.81820    1.22768  -2.77605  
178.000    14.85038    1.23098  -2.77454  
179.000    14.88222    1.23420  -2.77297  
180.000    14.91372    1.23734  -2.77133  
181.000    14.94489    1.24041  -2.76963  
182.000    14.97573    1.24339  -2.76786  
183.000    15.00624    1.24630  -2.76604  
184.000    15.03643    1.24914  -2.76415  
185.000    15.06630    1.25189  -2.76221  
186.000    15.09586    1.25457  -2.76020  
187.000    15.12510    1.25716  -2.75814  
188.000    15.15404    1.25969  -2.75603  
189.000    15.18268    1.26213  -2.75386  
190.000    15.21101    1.26449  -2.75164  
191.000    15.23905    1.26678  -2.74936  
192.000    15.26680    1.26898  -2.74704  
193.000    15.29426    1.27111  -2.74467  
194.000    15.32143    1.27316  -2.74224  
195.000    15.34832    1.27513  -2.73977  
196.000    15.37493    1.27703  -2.73726  
197.000    15.40127    1.27884  -2.73470  
198.000    15.42733    1.28058  -2.73209  
199.000    15.45312    1.28223  -2.72944  
200.000    15.47865    1.28381  -2.72675  
201.000    15.50391    1.28531  -2.72402  
202.000    15.52891    1.28673  -2.72125  
203.000    15.55366    1.28807  -2.71844  
204.000    15.57815    1.28934  -2.71559  
205.000    15.60240    1.29052  -2.71270  
206.000    15.62639    1.29163  -2.70978  
207.000    15.65014    1.29265  -2.70682  
208.000    15.67365    1.29360  -2.70382  
209.000    15.69691    1.29447  -2.70080  
210.000    15.71994    1.29526  -2.69773  
211.000    15.74274    1.29597  -2.69464  
212.000    15.76530    1.29660  -2.69152  
213.000    15.78764    1.29716  -2.68836  
214.000    15.80975    1.29764  -2.68518  
215.000    15.83163    1.29803  -2.68197  
216.000    15.85330    1.29835  -2.67872  
217.000    15.87475    1.29859  -2.67545  
218.000    15.89598    1.29875  -2.67216  
219.000    15.91699    1.29884  -2.66884  
220.000    15.93780    1.29884  -2.66549  
221.000    15.95839    1.29877  -2.66212  
222.000    15.97878    1.29862  -2.65873  
223.000    15.99897    1.29839  -2.65531  
224.000    16.01895    1.29809  -2.65187  
225.000    16.03874    1.29770  -2.64841  
226.000    16.05832    1.29724  -2.64492  
227.000    16.07771    1.29670  -2.64142  
228.000    16.09691    1.29608  -2.63790  
229.000    16.11592    1.29539  -2.63436  
230.000    16.13473    1.29462  -2.63080  
231.000    16.15336    1.29377  -2.62722  
232.000    16.17181    1.29284  -2.62362  
233.000    16.19007    1.29184  -2.62001  
234.000    16.20815    1.29076  -2.61638  
235.000    16.22606    1.28960  -2.61274  
236.000    16.24378    1.28837  -2.60908  
237.000    16.26133    1.28706  -2.60541  
238.000    16.27871    1.28567  -2.60172  
239.000    16.29591    1.28421  -2.59802  
240.000    16.31295    1.28267  -2.59431  
241.000    16.32982    1.28105  -2.59059  
242.000    16.34652    1.27936  -2.58685  
243.000    16.36306    1.27760  -2.58310  
244.000    16.37943    1.27575  -2.57934  
245.000    16.39565    1.27384  -2.57557  
246.000    16.41170    1.27184  -2.57180  
247.000    16.42760    1.26978  -2.56801  
248.000    16.44334    1.26763  -2.56421  
249.000    16.45893    1.26542  -2.56041  
250.000    16.47436    1.26312  -2.55659  
251.000    16.48964    1.26076  -2.55277  
252.000    16.50478    1.25832  -2.54895  
253.000    16.51976    1.25580  -2.54511  
254.000    16.53460    1.25321  -2.54127  
255.000    16.54929    1.25055  -2.53743  
256.000    16.56384    1.24782  -2.53357  
257.000    16.57825    1.24501  -2.52972  
258.000    16.59252    1.24212  -2.52586  
259.000    16.60664    1.23917  -2.52199  
260.000    16.62063    1.23614  -2.51812  
261.000    16.63449    1.23304  -2.51425  
262.000    16.64820    1.22987  -2.51037  
263.000    16.66179    1.22662  -2.50649  
264.000    16.67524    1.22331  -2.50261  
265.000    16.68856    1.21992  -2.49873  
266.000    16.70174    1.21646  -2.49484  
267.000    16.71480    1.21292  -2.49096  
268.000    16.72774    1.20932  -2.48707  
269.000    16.74054    1.20565  -2.48318  
270.000    16.75322    1.20190  -2.47929  
271.000    16.76578    1.19809  -2.47540  
272.000    16.77822    1.19420  -2.47151  
273.000    16.79053    1.19025  -2.46763  
274.000    16.80272    1.18622  -2.46374  
275.000    16.81479    1.18212  -2.45985  
276.000    16.82675    1.17796  -2.45597  
277.000    16.83858    1.17372  -2.45208  
278.000    16.85030    1.16942  -2.44820  
279.000    16.86191    1.16505  -2.44432  
280.000    16.87340    1.16061  -2.44044  
281.000    16.88478    1.15610  -2.43657  
282.000    16.89605    1.15152  -2.43270  
283.000    16.90720    1.14688  -2.42883  
284.000    16.91825    1.14217  -2.42496  
285.000    16.92919    1.13739  -2.42110  
286.000    16.94002    1.13254  -2.41724  
287.000    16.95074    1.12762  -2.41339  
288.000    16.96136    1.12264  -2.40954  
289.000    16.97187    1.11760  -2.40569  
290.000    16.98228    1.11248  -2.40185  
291.000    16.99258    1.10730  -2.39802  
292.000    17.00278    1.10206  -2.39419  
293.000    17.01288    1.09675  -2.39036  
294.000    17.02288    1.09137  -2.38654  
295.000    17.03278    1.08593  -2.38273  
296.000    17.04258    1.08042  -2.37892  
297.000    17.05229    1.07485  -2.37512  
298.000    17.06189    1.06922  -2.37133  
299.000    17.07140    1.06352  -2.36754  
300.000    17.08082    1.05776  -2.36375  