1.000     0.17786  
  2.000     0.47643  
  3.000     0.83054  
  4.000     1.21547  
  5.000     1.61718  
  6.000     2.02668  
  7.000     2.43785  
  8.000     2.84639  
  9.000     3.24923  
 10.000     3.64413  
 11.000     4.02949  
 12.000     4.40415  
 13.000     4.76729  
 14.000     5.11837  
 15.000     5.45702  
 16.000     5.78307  
 17.000     6.09642  
 18.000     6.39711  
 19.000     6.68523  
 20.000     6.96093  
 21.000     7.22441  
 22.000     7.47591  
 23.000     7.71567  
 24.000     7.94399  
 25.000     8.16114  
 26.000     8.36744  
 27.000     8.56317  
 28.000     8.74866  
 29.000     8.92421  
 30.000     9.09012  
 31.000     9.24670  
 32.000     9.39425  
 33.000     9.53306  
 34.000     9.66343  
 35.000     9.78562  
 36.000     9.89992  
 37.000    10.00659  
 38.000    10.10589  
 39.000    10.19808  
 40.000    10.28339  
 41.000    10.36207  
 42.000    10.43434  
 43.000    10.50042  
 44.000    10.56054  
 45.000    10.61489  
 46.000    10.66368  
 47.000    10.70709  
 48.000    10.74533  
 49.000    10.77855  
 50.000    10.80695  
 51.000    10.83068  
 52.000    10.84990  
 53.000    10.86478  
 54.000    10.87546  
 55.000    10.88209  
 56.000    10.88480  
 57.000    10.88373  
 58.000    10.87901  
 59.000    10.87076  
 60.000    10.85910  
 61.000    10.84416  
 62.000    10.82604  
 63.000    10.80484  
 64.000    10.78068  
 65.000    10.75365  
 66.000    10.72385  
 67.000    10.69137  
 68.000    10.65631  
 69.000    10.61874  
 70.000    10.57876  
 71.000    10.53644  
 72.000    10.49186  
 73.000    10.44510  
 74.000    10.39623  
 75.000    10.34532  
 76.000    10.29243  
 77.000    10.23763  
 78.000    10.18099  
 79.000    10.12257  
 80.000    10.06242  
 81.000    10.00060  
 82.000     9.93717  
 83.000     9.87217  
 84.000     9.80567  
 85.000     9.73771  
 86.000     9.66833  
 87.000     9.59759  
 88.000     9.52553  
 89.000     9.45220  
 90.000     9.37763  
 91.000     9.30186  
 92.000     9.22494  
 93.000     9.14690  
 94.000     9.06778  
 95.000     8.98762  
 96.000     8.90644  
 97.000     8.82429  
 98.000     8.74120  
 99.000     8.65719  
100.000     8.57229  
101.000     8.48655  
102.000     8.39998  
103.000     8.31261  
104.000     8.22447  
105.000     8.13559  
106.000     8.04599  
107.000     7.95569  
108.000     7.86472  
109.000     7.77310  
110.000     7.68086  
111.000     7.58801  
112.000     7.49458  
113.000     7.40058  
114.000     7.30604  
115.000     7.21098  
116.000     7.11540  
117.000     7.01934  
118.000     6.92281  
119.000     6.82583  
120.000     6.72841  
121.000     6.63056  
122.000     6.53232  
123.000     6.43368  
124.000     6.33466  
125.000     6.23528  
126.000     6.13556  
127.000     6.03550  
128.000     5.93511  
129.000     5.83442  
130.000     5.73343  
131.000     5.63216  
132.000     5.53062  
133.000     5.42881  
134.000     5.32675  
135.000     5.22445  
136.000     5.12193  
137.000     5.01918  
138.000     4.91622  
139.000     4.81306  
140.000     4.70972  
141.000     4.60619  
142.000     4.50248  
143.000     4.39862  
144.000     4.29459  
145.000     4.19042  
146.000     4.08611  
147.000     3.98166  
148.000     3.87710  
149.000     3.77241  
150.000     3.66761  
151.000     3.56271  
152.000     3.45771  
153.000     3.35262  
154.000     3.24744  
155.000     3.14219  
156.000     3.03687  
157.000     2.93147  
158.000     2.82602  
159.000     2.72051  
160.000     2.61496  
161.000     2.50935  
162.000     2.40371  
163.000     2.29804  
164.000     2.19233  
165.000     2.08660  
166.000     1.98085  
167.000     1.87508  
168.000     1.76930  
169.000     1.66352  
170.000     1.55773  
171.000     1.45194  
172.000     1.34615  
173.000     1.24038  
174.000     1.13461  
175.000     1.02887  
176.000     0.92314  
177.000     0.81743  
178.000     0.71175  
179.000     0.60610  
180.000     0.50048  
181.000     0.39490  
182.000     0.28936  
183.000     0.18385  
184.000     0.07840  
185.000    -0.02701  
186.000    -0.13238  
187.000    -0.23769  
188.000    -0.34294  
189.000    -0.44814  
190.000    -0.55327  
191.000    -0.65835  
192.000    -0.76336  
193.000    -0.86830  
194.000    -0.97318  
195.000    -1.07798  
196.000    -1.18271  
197.000    -1.28737  
198.000    -1.39195  
199.000    -1.49645  
200.000    -1.60087  
201.000    -1.70521  
202.000    -1.80946  
203.000    -1.91362  
204.000    -2.01770  
205.000    -2.12169  
206.000    -2.22559  
207.000    -2.32940  
208.000    -2.43311  
209.000    -2.53673  
210.000    -2.64025  
211.000    -2.74367  
212.000    -2.84700  
213.000    -2.95022  
214.000    -3.05334  
215.000    -3.15636  
216.000    -3.25927  
217.000    -3.36208  
218.000    -3.46479  
219.000    -3.56738  
220.000    -3.66987  
221.000    -3.77224  
222.000    -3.87451  
223.000    -3.97666  
224.000    -4.07870  
225.000    -4.18063  
226.000    -4.28244  
227.000    -4.38414  
228.000    -4.48572  
229.000    -4.58719  
230.000    -4.68854  
231.000    -4.78976  
232.000    -4.89087  
233.000    -4.99186  
234.000    -5.09273  
235.000    -5.19348  
236.000    -5.29411  
237.000    -5.39461  
238.000    -5.49500  
239.000    -5.59525  
240.000    -5.69539  
241.000    -5.79540  
242.000    -5.89528  
243.000    -5.99504  
244.000    -6.09467  
245.000    -6.19417  
246.000    -6.29355  
247.000    -6.39280  
248.000    -6.49192  
249.000    -6.59092  
250.000    -6.68978  
251.000    -6.78852  
252.000    -6.88713  
253.000    -6.98560  
254.000    -7.08395  
255.000    -7.18217  
256.000    -7.28025  
257.000    -7.37820  
258.000    -7.47603  
259.000    -7.57372  
260.000    -7.67128  
261.000    -7.76871  
262.000    -7.86600  
263.000    -7.96316  
264.000    -8.06019  
265.000    -8.15709  
266.000    -8.25385  
267.000    -8.35048  
268.000    -8.44698  
269.000    -8.54334  
270.000    -8.63957  
271.000    -8.73567  
272.000    -8.83163  
273.000    -8.92745  
274.000    -9.02315  
275.000    -9.11870  
276.000    -9.21413  
277.000    -9.30942  
278.000    -9.40457  
279.000    -9.49959  
280.000    -9.59448  
281.000    -9.68923  
282.000    -9.78385  
283.000    -9.87833  
284.000    -9.97267  
285.000   -10.06688  
286.000   -10.16096  
287.000   -10.25490  
288.000   -10.34871  
289.000   -10.44238  
290.000   -10.53592  
291.000   -10.62932  
292.000   -10.72259  
293.000   -10.81572  
294.000   -10.90872  
295.000   -11.00158  
296.000   -11.09431  
297.000   -11.18690  
298.000   -11.27936  
299.000   -11.37169  
300.000   -11.46388  
