 1.000    -0.00000  
  2.000    -0.00000  
  3.000    -0.00000  
  4.000    -0.00001  
  5.000    -0.00002  
  6.000    -0.00005  
  7.000    -0.00011  
  8.000    -0.00019  
  9.000    -0.00030  
 10.000    -0.00046  
 11.000    -0.00067  
 12.000    -0.00094  
 13.000    -0.00127  
 14.000    -0.00166  
 15.000    -0.00213  
 16.000    -0.00267  
 17.000    -0.00329  
 18.000    -0.00400  
 19.000    -0.00478  
 20.000    -0.00566  
 21.000    -0.00662  
 22.000    -0.00766  
 23.000    -0.00880  
 24.000    -0.01002  
 25.000    -0.01134  
 26.000    -0.01274  
 27.000    -0.01423  
 28.000    -0.01581  
 29.000    -0.01747  
 30.000    -0.01922  
 31.000    -0.02106  
 32.000    -0.02298  
 33.000    -0.02498  
 34.000    -0.02707  
 35.000    -0.02923  
 36.000    -0.03147  
 37.000    -0.03379  
 38.000    -0.03619  
 39.000    -0.03865  
 40.000    -0.04119  
 41.000    -0.04380  
 42.000    -0.04648  
 43.000    -0.04923  
 44.000    -0.05204  
 45.000    -0.05492  
 46.000    -0.05786  
 47.000    -0.06086  
 48.000    -0.06392  
 49.000    -0.06704  
 50.000    -0.07022  
 51.000    -0.07345  
 52.000    -0.07673  
 53.000    -0.08007  
 54.000    -0.08345  
 55.000    -0.08689  
 56.000    -0.09037  
 57.000    -0.09390  
 58.000    -0.09748  
 59.000    -0.10110  
 60.000    -0.10476  
 61.000    -0.10846  
 62.000    -0.11221  
 63.000    -0.11599  
 64.000    -0.11981  
 65.000    -0.12367  
 66.000    -0.12756  
 67.000    -0.13149  
 68.000    -0.13545  
 69.000    -0.13944  
 70.000    -0.14347  
 71.000    -0.14752  
 72.000    -0.15161  
 73.000    -0.15572  
 74.000    -0.15986  
 75.000    -0.16403  
 76.000    -0.16822  
 77.000    -0.17244  
 78.000    -0.17668  
 79.000    -0.18094  
 80.000    -0.18523  
 81.000    -0.18954  
 82.000    -0.19386  
 83.000    -0.19821  
 84.000    -0.20258  
 85.000    -0.20697  
 86.000    -0.21137  
 87.000    -0.21580  
 88.000    -0.22023  
 89.000    -0.22469  
 90.000    -0.22916  
 91.000    -0.23364  
 92.000    -0.23814  
 93.000    -0.24265  
 94.000    -0.24718  
 95.000    -0.25171  
 96.000    -0.25626  
 97.000    -0.26082  
 98.000    -0.26539  
 99.000    -0.26997  
100.000    -0.27456  
101.000    -0.27916  
102.000    -0.28377  
103.000    -0.28839  
104.000    -0.29301  
105.000    -0.29764  
106.000    -0.30228  
107.000    -0.30692  
108.000    -0.31158  
109.000    -0.31623  
110.000    -0.32089  
111.000    -0.32556  
112.000    -0.33023  
113.000    -0.33491  
114.000    -0.33959  
115.000    -0.34427  
116.000    -0.34896  
117.000    -0.35365  
118.000    -0.35834  
119.000    -0.36303  
120.000    -0.36773  
121.000    -0.37242  
122.000    -0.37712  
123.000    -0.38182  
124.000    -0.38652  
125.000    -0.39122  
126.000    -0.39592  
127.000    -0.40063  
128.000    -0.40533  
129.000    -0.41003  
130.000    -0.41473  
131.000    -0.41942  
132.000    -0.42412  
133.000    -0.42882  
134.000    -0.43351  
135.000    -0.43820  
136.000    -0.44289  
137.000    -0.44758  
138.000    -0.45227  
139.000    -0.45695  
140.000    -0.46163  
141.000    -0.46631  
142.000    -0.47098  
143.000    -0.47565  
144.000    -0.48032  
145.000    -0.48498  
146.000    -0.48964  
147.000    -0.49430  
148.000    -0.49895  
149.000    -0.50359  
150.000    -0.50824  
151.000    -0.51287  
152.000    -0.51751  
153.000    -0.52214  
154.000    -0.52676  
155.000    -0.53138  
156.000    -0.53599  
157.000    -0.54060  
158.000    -0.54520  
159.000    -0.54980  
160.000    -0.55439  
161.000    -0.55898  
162.000    -0.56356  
163.000    -0.56813  
164.000    -0.57270  
165.000    -0.57726  
166.000    -0.58182  
167.000    -0.58637  
168.000    -0.59091  
169.000    -0.59545  
170.000    -0.59998  
171.000    -0.60450  
172.000    -0.60902  
173.000    -0.61353  
174.000    -0.61803  
175.000    -0.62253  
176.000    -0.62702  
177.000    -0.63150  
178.000    -0.63598  
179.000    -0.64044  
180.000    -0.64491  
181.000    -0.64936  
182.000    -0.65381  
183.000    -0.65825  
184.000    -0.66268  
185.000    -0.66710  
186.000    -0.67152  
187.000    -0.67593  
188.000    -0.68033  
189.000    -0.68473  
190.000    -0.68911  
191.000    -0.69349  
192.000    -0.69787  
193.000    -0.70223  
194.000    -0.70659  
195.000    -0.71093  
196.000    -0.71528  
197.000    -0.71961  
198.000    -0.72393  
199.000    -0.72825  
200.000    -0.73256  
201.000    -0.73686  
202.000    -0.74115  
203.000    -0.74544  
204.000    -0.74972  
205.000    -0.75399  
206.000    -0.75825  
207.000    -0.76250  
208.000    -0.76675  
209.000    -0.77099  
210.000    -0.77522  
211.000    -0.77944  
212.000    -0.78365  
213.000    -0.78786  
214.000    -0.79205  
215.000    -0.79624  
216.000    -0.80043  
217.000    -0.80460  
218.000    -0.80876  
219.000    -0.81292  
220.000    -0.81707  
221.000    -0.82121  
222.000    -0.82535  
223.000    -0.82947  
224.000    -0.83359  
225.000    -0.83770  
226.000    -0.84180  
227.000    -0.84589  
228.000    -0.84998  
229.000    -0.85405  
230.000    -0.85812  
231.000    -0.86218  
232.000    -0.86624  
233.000    -0.87028  
234.000    -0.87432  
235.000    -0.87835  
236.000    -0.88237  
237.000    -0.88638  
238.000    -0.89039  
239.000    -0.89439  
240.000    -0.89838  
241.000    -0.90236  
242.000    -0.90633  
243.000    -0.91030  
244.000    -0.91426  
245.000    -0.91821  
246.000    -0.92215  
247.000    -0.92609  
248.000    -0.93002  
249.000    -0.93394  
250.000    -0.93785  
251.000    -0.94176  
252.000    -0.94565  
253.000    -0.94954  
254.000    -0.95343  
255.000    -0.95730  
256.000    -0.96117  
257.000    -0.96503  
258.000    -0.96888  
259.000    -0.97273  
260.000    -0.97656  
261.000    -0.98039  
262.000    -0.98422  
263.000    -0.98803  
264.000    -0.99184  
265.000    -0.99564  
266.000    -0.99944  
267.000    -1.00322  
268.000    -1.00700  
269.000    -1.01078  
270.000    -1.01454  
271.000    -1.01830  
272.000    -1.02205  
273.000    -1.02580  
274.000    -1.02954  
275.000    -1.03327  
276.000    -1.03699  
277.000    -1.04071  
278.000    -1.04442  
279.000    -1.04812  
280.000    -1.05182  
281.000    -1.05551  
282.000    -1.05919  
283.000    -1.06287  
284.000    -1.06654  
285.000    -1.07020  
286.000    -1.07386  
287.000    -1.07751  
288.000    -1.08115  
289.000    -1.08479  
290.000    -1.08842  
291.000    -1.09205  
292.000    -1.09567  
293.000    -1.09928  
294.000    -1.10289  
295.000    -1.10649  
296.000    -1.11008  
297.000    -1.11367  
298.000    -1.11725  
299.000    -1.12082  
300.000    -1.12439  