1.000   147.75748  
  2.000   136.47638  
  3.000   128.79800  
  4.000   122.93744  
  5.000   118.19322  
  6.000   114.20743  
  7.000   110.77078  
  8.000   107.74988  
  9.000   105.05442  
 10.000   102.62041  
 11.000   100.40088  
 12.000    98.36037  
 13.000    96.47147  
 14.000    94.71256  
 15.000    93.06629  
 16.000    91.51857  
 17.000    90.05776  
 18.000    88.67416  
 19.000    87.35960  
 20.000    86.10716  
 21.000    84.91087  
 22.000    83.76562  
 23.000    82.66695  
 24.000    81.61095  
 25.000    80.59421  
 26.000    79.61369  
 27.000    78.66671  
 28.000    77.75087  
 29.000    76.86402  
 30.000    76.00424  
 31.000    75.16977  
 32.000    74.35905  
 33.000    73.57064  
 34.000    72.80323  
 35.000    72.05564  
 36.000    71.32677  
 37.000    70.61562  
 38.000    69.92126  
 39.000    69.24285  
 40.000    68.57960  
 41.000    67.93078  
 42.000    67.29571  
 43.000    66.67377  
 44.000    66.06436  
 45.000    65.46695  
 46.000    64.88102  
 47.000    64.30609  
 48.000    63.74172  
 49.000    63.18748  
 50.000    62.64299  
 51.000    62.10785  
 52.000    61.58174  
 53.000    61.06431  
 54.000    60.55526  
 55.000    60.05429  
 56.000    59.56111  
 57.000    59.07548  
 58.000    58.59712  
 59.000    58.12581  
 60.000    57.66132  
 61.000    57.20343  
 62.000    56.75194  
 63.000    56.30666  
 64.000    55.86739  
 65.000    55.43396  
 66.000    55.00620  
 67.000    54.58394  
 68.000    54.16704  
 69.000    53.75535  
 70.000    53.34871  
 71.000    52.94700  
 72.000    52.55008  
 73.000    52.15784  
 74.000    51.77014  
 75.000    51.38688  
 76.000    51.00794  
 77.000    50.63322  
 78.000    50.26261  
 79.000    49.89601  
 80.000    49.53333  
 81.000    49.17449  
 82.000    48.81938  
 83.000    48.46792  
 84.000    48.12003  
 85.000    47.77564  
 86.000    47.43466  
 87.000    47.09702  
 88.000    46.76266  
 89.000    46.43149  
 90.000    46.10345  
 91.000    45.77848  
 92.000    45.45652  
 93.000    45.13750  
 94.000    44.82136  
 95.000    44.50806  
 96.000    44.19752  
 97.000    43.88970  
 98.000    43.58455  
 99.000    43.28202  
100.000    42.98205  
101.000    42.68460  
102.000    42.38963  
103.000    42.09708  
104.000    41.80691  
105.000    41.51909  
106.000    41.23356  
107.000    40.95029  
108.000    40.66925  
109.000    40.39038  
110.000    40.11366  
111.000    39.83905  
112.000    39.56652  
113.000    39.29602  
114.000    39.02752  
115.000    38.76100  
116.000    38.49642  
117.000    38.23375  
118.000    37.97296  
119.000    37.71402  
120.000    37.45690  
121.000    37.20157  
122.000    36.94801  
123.000    36.69619  
124.000    36.44608  
125.000    36.19765  
126.000    35.95089  
127.000    35.70577  
128.000    35.46226  
129.000    35.22034  
130.000    34.97999  
131.000    34.74118  
132.000    34.50389  
133.000    34.26811  
134.000    34.03381  
135.000    33.80097  
136.000    33.56956  
137.000    33.33958  
138.000    33.11100  
139.000    32.88381  
140.000    32.65797  
141.000    32.43349  
142.000    32.21033  
143.000    31.98848  
144.000    31.76792  
145.000    31.54865  
146.000    31.33063  
147.000    31.11386  
148.000    30.89832  
149.000    30.68399  
150.000    30.47086  
151.000    30.25892  
152.000    30.04814  
153.000    29.83852  
154.000    29.63004  
155.000    29.42269  
156.000    29.21645  
157.000    29.01131  
158.000    28.80726  
159.000    28.60428  
160.000    28.40237  
161.000    28.20150  
162.000    28.00167  
163.000    27.80287  
164.000    27.60509  
165.000    27.40830  
166.000    27.21251  
167.000    27.01769  
168.000    26.82385  
169.000    26.63097  
170.000    26.43903  
171.000    26.24803  
172.000    26.05796  
173.000    25.86880  
174.000    25.68055  
175.000    25.49320  
176.000    25.30674  
177.000    25.12116  
178.000    24.93645  
179.000    24.75259  
180.000    24.56959  
181.000    24.38743  
182.000    24.20611  
183.000    24.02561  
184.000    23.84593  
185.000    23.66705  
186.000    23.48898  
187.000    23.31170  
188.000    23.13521  
189.000    22.95949  
190.000    22.78454  
191.000    22.61035  
192.000    22.43692  
193.000    22.26423  
194.000    22.09228  
195.000    21.92107  
196.000    21.75058  
197.000    21.58081  
198.000    21.41175  
199.000    21.24340  
200.000    21.07574  
201.000    20.90878  
202.000    20.74250  
203.000    20.57690  
204.000    20.41197  
205.000    20.24772  
206.000    20.08412  
207.000    19.92117  
208.000    19.75888  
209.000    19.59722  
210.000    19.43621  
211.000    19.27582  
212.000    19.11606  
213.000    18.95692  
214.000    18.79840  
215.000    18.64048  
216.000    18.48317  
217.000    18.32646  
218.000    18.17034  
219.000    18.01481  
220.000    17.85987  
221.000    17.70550  
222.000    17.55170  
223.000    17.39848  
224.000    17.24582  
225.000    17.09371  
226.000    16.94216  
227.000    16.79117  
228.000    16.64071  
229.000    16.49080  
230.000    16.34142  
231.000    16.19258  
232.000    16.04426  
233.000    15.89647  
234.000    15.74920  
235.000    15.60244  
236.000    15.45619  
237.000    15.31045  
238.000    15.16521  
239.000    15.02047  
240.000    14.87622  
241.000    14.73247  
242.000    14.58920  
243.000    14.44642  
244.000    14.30411  
245.000    14.16228  
246.000    14.02093  
247.000    13.88004  
248.000    13.73962  
249.000    13.59966  
250.000    13.46015  
251.000    13.32110  
252.000    13.18251  
253.000    13.04436  
254.000    12.90665  
255.000    12.76938  
256.000    12.63256  
257.000    12.49617  
258.000    12.36020  
259.000    12.22467  
260.000    12.08956  
261.000    11.95488  
262.000    11.82061  
263.000    11.68676  
264.000    11.55332  
265.000    11.42029  
266.000    11.28767  
267.000    11.15545  
268.000    11.02364  
269.000    10.89222  
270.000    10.76120  
271.000    10.63057  
272.000    10.50033  
273.000    10.37048  
274.000    10.24101  
275.000    10.11193  
276.000     9.98322  
277.000     9.85490  
278.000     9.72694  
279.000     9.59936  
280.000     9.47215  
281.000     9.34530  
282.000     9.21882  
283.000     9.09270  
284.000     8.96694  
285.000     8.84153  
286.000     8.71648  
287.000     8.59179  
288.000     8.46744  
289.000     8.34344  
290.000     8.21978  
291.000     8.09647  
292.000     7.97350  
293.000     7.85087  
294.000     7.72857  
295.000     7.60661  
296.000     7.48498  
297.000     7.36368  
298.000     7.24271  
299.000     7.12207  
300.000     7.00175  
