 1.000     0.00000   0.00000   -0.00000  
  2.000     0.00000    0.00000   -0.00001  
  3.000     0.00001    0.00000   -0.00004  
  4.000     0.00004    0.00000   -0.00012  
  5.000     0.00009    0.00001   -0.00027  
  6.000     0.00018    0.00001   -0.00053  
  7.000     0.00031    0.00002   -0.00091  
  8.000     0.00050    0.00004   -0.00144  
  9.000     0.00075    0.00007   -0.00213  
 10.000     0.00107    0.00011   -0.00301  
 11.000     0.00146    0.00016   -0.00406  
 12.000     0.00194    0.00022   -0.00532  
 13.000     0.00250    0.00030   -0.00677  
 14.000     0.00316    0.00040   -0.00843  
 15.000     0.00391    0.00052   -0.01029  
 16.000     0.00476    0.00065   -0.01235  
 17.000     0.00571    0.00081   -0.01462  
 18.000     0.00677    0.00099   -0.01708  
 19.000     0.00794    0.00120   -0.01973  
 20.000     0.00922    0.00143   -0.02258  
 21.000     0.01061    0.00168   -0.02561  
 22.000     0.01211    0.00196   -0.02882  
 23.000     0.01372    0.00227   -0.03220  
 24.000     0.01545    0.00260   -0.03575  
 25.000     0.01730    0.00296   -0.03947  
 26.000     0.01926    0.00335   -0.04334  
 27.000     0.02134    0.00376   -0.04736  
 28.000     0.02354    0.00420   -0.05153  
 29.000     0.02585    0.00468   -0.05584  
 30.000     0.02829    0.00517   -0.06028  
 31.000     0.03084    0.00570   -0.06485  
 32.000     0.03351    0.00625   -0.06954  
 33.000     0.03629    0.00683   -0.07435  
 34.000     0.03920    0.00744   -0.07927  
 35.000     0.04222    0.00808   -0.08430  
 36.000     0.04537    0.00874   -0.08943  
 37.000     0.04862    0.00943   -0.09466  
 38.000     0.05200    0.01015   -0.09998  
 39.000     0.05549    0.01090   -0.10539  
 40.000     0.05910    0.01167   -0.11089  
 41.000     0.06283    0.01246   -0.11647  
 42.000     0.06667    0.01328   -0.12212  
 43.000     0.07062    0.01413   -0.12785  
 44.000     0.07469    0.01500   -0.13365  
 45.000     0.07888    0.01590   -0.13952  
 46.000     0.08317    0.01682   -0.14544  
 47.000     0.08758    0.01777   -0.15143  
 48.000     0.09210    0.01874   -0.15748  
 49.000     0.09674    0.01973   -0.16357  
 50.000     0.10148    0.02075   -0.16972  
 51.000     0.10634    0.02179   -0.17592  
 52.000     0.11130    0.02285   -0.18216  
 53.000     0.11638    0.02394   -0.18845  
 54.000     0.12156    0.02504   -0.19477  
 55.000     0.12685    0.02617   -0.20114  
 56.000     0.13225    0.02732   -0.20754  
 57.000     0.13775    0.02849   -0.21397  
 58.000     0.14336    0.02968   -0.22044  
 59.000     0.14907    0.03089   -0.22693  
 60.000     0.15488    0.03212   -0.23345  
 61.000     0.16080    0.03337   -0.24000  
 62.000     0.16683    0.03464   -0.24658  
 63.000     0.17295    0.03593   -0.25317  
 64.000     0.17917    0.03724   -0.25979  
 65.000     0.18550    0.03856   -0.26643  
 66.000     0.19192    0.03991   -0.27308  
 67.000     0.19844    0.04127   -0.27975  
 68.000     0.20506    0.04265   -0.28644  
 69.000     0.21178    0.04404   -0.29314  
 70.000     0.21859    0.04546   -0.29986  
 71.000     0.22549    0.04689   -0.30658  
 72.000     0.23249    0.04833   -0.31332  
 73.000     0.23959    0.04980   -0.32006  
 74.000     0.24678    0.05127   -0.32681  
 75.000     0.25405    0.05277   -0.33357  
 76.000     0.26142    0.05428   -0.34034  
 77.000     0.26888    0.05580   -0.34710  
 78.000     0.27643    0.05734   -0.35388  
 79.000     0.28406    0.05890   -0.36066  
 80.000     0.29179    0.06046   -0.36744  
 81.000     0.29960    0.06205   -0.37422  
 82.000     0.30749    0.06364   -0.38100  
 83.000     0.31547    0.06526   -0.38778  
 84.000     0.32353    0.06688   -0.39456  
 85.000     0.33168    0.06852   -0.40134  
 86.000     0.33991    0.07017   -0.40811  
 87.000     0.34822    0.07183   -0.41489  
 88.000     0.35661    0.07351   -0.42166  
 89.000     0.36508    0.07520   -0.42842  
 90.000     0.37362    0.07690   -0.43518  
 91.000     0.38225    0.07861   -0.44194  
 92.000     0.39095    0.08033   -0.44869  
 93.000     0.39973    0.08207   -0.45543  
 94.000     0.40858    0.08382   -0.46217  
 95.000     0.41751    0.08558   -0.46890  
 96.000     0.42651    0.08735   -0.47562  
 97.000     0.43558    0.08913   -0.48233  
 98.000     0.44473    0.09092   -0.48904  
 99.000     0.45394    0.09272   -0.49573  
100.000     0.46323    0.09454   -0.50242  
101.000     0.47258    0.09636   -0.50909  
102.000     0.48200    0.09819   -0.51575  
103.000     0.49149    0.10004   -0.52241  
104.000     0.50104    0.10189   -0.52905  
105.000     0.51066    0.10375   -0.53568  
106.000     0.52035    0.10563   -0.54230  
107.000     0.53010    0.10751   -0.54891  
108.000     0.53991    0.10940   -0.55550  
109.000     0.54978    0.11130   -0.56208  
110.000     0.55972    0.11321   -0.56865  
111.000     0.56971    0.11513   -0.57520  
112.000     0.57977    0.11705   -0.58175  
113.000     0.58988    0.11899   -0.58827  
114.000     0.60005    0.12093   -0.59479  
115.000     0.61028    0.12288   -0.60128  
116.000     0.62056    0.12484   -0.60777  
117.000     0.63090    0.12681   -0.61424  
118.000     0.64130    0.12878   -0.62069  
119.000     0.65174    0.13076   -0.62713  
120.000     0.66224    0.13275   -0.63355  
121.000     0.67280    0.13475   -0.63996  
122.000     0.68340    0.13675   -0.64635  
123.000     0.69405    0.13877   -0.65272  
124.000     0.70476    0.14078   -0.65908  
125.000     0.71551    0.14281   -0.66543  
126.000     0.72631    0.14484   -0.67175  
127.000     0.73716    0.14688   -0.67806  
128.000     0.74805    0.14893   -0.68435  
129.000     0.75899    0.15098   -0.69063  
130.000     0.76997    0.15304   -0.69688  
131.000     0.78100    0.15510   -0.70312  
132.000     0.79207    0.15717   -0.70935  
133.000     0.80319    0.15925   -0.71555  
134.000     0.81434    0.16133   -0.72174  
135.000     0.82554    0.16342   -0.72790  
136.000     0.83678    0.16551   -0.73406  
137.000     0.84805    0.16761   -0.74019  
138.000     0.85937    0.16971   -0.74630  
139.000     0.87072    0.17182   -0.75240  
140.000     0.88211    0.17394   -0.75847  
141.000     0.89354    0.17606   -0.76453  
142.000     0.90500    0.17818   -0.77057  
143.000     0.91650    0.18031   -0.77659  
144.000     0.92803    0.18245   -0.78259  
145.000     0.93960    0.18458   -0.78858  
146.000     0.95119    0.18673   -0.79454  
147.000     0.96282    0.18887   -0.80049  
148.000     0.97449    0.19103   -0.80641  
149.000     0.98618    0.19318   -0.81232  
150.000     0.99790    0.19534   -0.81820  
151.000     1.00965    0.19751   -0.82407  
152.000     1.02144    0.19968   -0.82992  
153.000     1.03324    0.20185   -0.83574  
154.000     1.04508    0.20402   -0.84155  
155.000     1.05694    0.20620   -0.84734  
156.000     1.06883    0.20839   -0.85311  
157.000     1.08075    0.21057   -0.85885  
158.000     1.09269    0.21276   -0.86458  
159.000     1.10465    0.21496   -0.87029  
160.000     1.11664    0.21715   -0.87598  
161.000     1.12865    0.21935   -0.88165  
162.000     1.14068    0.22155   -0.88729  
163.000     1.15273    0.22376   -0.89292  
164.000     1.16481    0.22597   -0.89853  
165.000     1.17690    0.22818   -0.90411  
166.000     1.18901    0.23039   -0.90968  
167.000     1.20115    0.23261   -0.91523  
168.000     1.21330    0.23482   -0.92075  
169.000     1.22547    0.23704   -0.92626  
170.000     1.23765    0.23927   -0.93174  
171.000     1.24986    0.24149   -0.93720  
172.000     1.26208    0.24372   -0.94265  
173.000     1.27431    0.24595   -0.94807  
174.000     1.28656    0.24818   -0.95347  
175.000     1.29882    0.25041   -0.95885  
176.000     1.31110    0.25264   -0.96421  
177.000     1.32339    0.25488   -0.96955  
178.000     1.33569    0.25711   -0.97487  
179.000     1.34801    0.25935   -0.98017  
180.000     1.36034    0.26159   -0.98544  
181.000     1.37267    0.26383   -0.99070  
182.000     1.38502    0.26607   -0.99593  
183.000     1.39738    0.26832   -1.00115  
184.000     1.40975    0.27056   -1.00634  
185.000     1.42212    0.27280   -1.01151  
186.000     1.43451    0.27505   -1.01666  
187.000     1.44690    0.27729   -1.02179  
188.000     1.45930    0.27954   -1.02690  
189.000     1.47170    0.28179   -1.03199  
190.000     1.48411    0.28403   -1.03706  
191.000     1.49653    0.28628   -1.04210  
192.000     1.50896    0.28853   -1.04713  
193.000     1.52138    0.29078   -1.05213  
194.000     1.53381    0.29303   -1.05711  
195.000     1.54625    0.29527   -1.06207  
196.000     1.55869    0.29752   -1.06701  
197.000     1.57113    0.29977   -1.07193  
198.000     1.58357    0.30202   -1.07683  
199.000     1.59602    0.30426   -1.08170  
200.000     1.60847    0.30651   -1.08656  
201.000     1.62092    0.30876   -1.09139  
202.000     1.63336    0.31100   -1.09621  
203.000     1.64581    0.31324   -1.10100  
204.000     1.65826    0.31549   -1.10577  
205.000     1.67071    0.31773   -1.11052  
206.000     1.68315    0.31997   -1.11525  
207.000     1.69560    0.32221   -1.11995  
208.000     1.70804    0.32445   -1.12464  
209.000     1.72048    0.32669   -1.12930  
210.000     1.73292    0.32893   -1.13394  
211.000     1.74535    0.33116   -1.13857  
212.000     1.75778    0.33340   -1.14317  
213.000     1.77020    0.33563   -1.14775  
214.000     1.78262    0.33786   -1.15230  
215.000     1.79504    0.34009   -1.15684  
216.000     1.80745    0.34232   -1.16136  
217.000     1.81985    0.34454   -1.16585  
218.000     1.83225    0.34677   -1.17032  
219.000     1.84464    0.34899   -1.17478  
220.000     1.85703    0.35121   -1.17921  
221.000     1.86940    0.35342   -1.18362  
222.000     1.88177    0.35564   -1.18800  
223.000     1.89413    0.35785   -1.19237  
224.000     1.90649    0.36006   -1.19672  
225.000     1.91883    0.36227   -1.20104  
226.000     1.93117    0.36447   -1.20534  
227.000     1.94349    0.36667   -1.20963  
228.000     1.95581    0.36887   -1.21389  
229.000     1.96811    0.37107   -1.21813  
230.000     1.98041    0.37326   -1.22235  
231.000     1.99269    0.37545   -1.22654  
232.000     2.00497    0.37763   -1.23072  
233.000     2.01723    0.37982   -1.23488  
234.000     2.02948    0.38200   -1.23901  
235.000     2.04171    0.38417   -1.24312  
236.000     2.05394    0.38635   -1.24722  
237.000     2.06615    0.38852   -1.25129  
238.000     2.07835    0.39068   -1.25534  
239.000     2.09053    0.39284   -1.25936  
240.000     2.10271    0.39500   -1.26337  
241.000     2.11486    0.39716   -1.26736  
242.000     2.12701    0.39931   -1.27133  
243.000     2.13914    0.40145   -1.27527  
244.000     2.15125    0.40360   -1.27919  
245.000     2.16335    0.40573   -1.28310  
246.000     2.17543    0.40787   -1.28698  
247.000     2.18750    0.41000   -1.29084  
248.000     2.19955    0.41212   -1.29468  
249.000     2.21158    0.41424   -1.29850  
250.000     2.22360    0.41636   -1.30230  
251.000     2.23560    0.41847   -1.30607  
252.000     2.24759    0.42057   -1.30983  
253.000     2.25956    0.42267   -1.31357  
254.000     2.27151    0.42477   -1.31728  
255.000     2.28344    0.42686   -1.32097  
256.000     2.29535    0.42895   -1.32465  
257.000     2.30725    0.43103   -1.32830  
258.000     2.31912    0.43310   -1.33193  
259.000     2.33098    0.43517   -1.33554  
260.000     2.34282    0.43724   -1.33913  
261.000     2.35464    0.43930   -1.34270  
262.000     2.36644    0.44135   -1.34625  
263.000     2.37822    0.44340   -1.34978  
264.000     2.38998    0.44544   -1.35328  
265.000     2.40172    0.44748   -1.35677  
266.000     2.41344    0.44951   -1.36024  
267.000     2.42513    0.45153   -1.36368  
268.000     2.43681    0.45355   -1.36711  
269.000     2.44847    0.45556   -1.37051  
270.000     2.46010    0.45757   -1.37390  
271.000     2.47172    0.45957   -1.37726  
272.000     2.48331    0.46156   -1.38060  
273.000     2.49488    0.46355   -1.38393  
274.000     2.50643    0.46553   -1.38723  
275.000     2.51795    0.46751   -1.39051  
276.000     2.52945    0.46947   -1.39377  
277.000     2.54093    0.47143   -1.39701  
278.000     2.55239    0.47339   -1.40023  
279.000     2.56383    0.47533   -1.40343  
280.000     2.57524    0.47727   -1.40661  
281.000     2.58662    0.47921   -1.40977  
282.000     2.59799    0.48113   -1.41291  
283.000     2.60933    0.48305   -1.41603  
284.000     2.62065    0.48496   -1.41913  
285.000     2.63194    0.48687   -1.42221  
286.000     2.64321    0.48876   -1.42527  
287.000     2.65445    0.49065   -1.42831  
288.000     2.66567    0.49253   -1.43132  
289.000     2.67686    0.49441   -1.43432  
290.000     2.68803    0.49627   -1.43730  
291.000     2.69917    0.49813   -1.44026  
292.000     2.71029    0.49998   -1.44320  
293.000     2.72139    0.50182   -1.44612  
294.000     2.73246    0.50366   -1.44901  
295.000     2.74350    0.50548   -1.45189  
296.000     2.75451    0.50730   -1.45475  
297.000     2.76550    0.50911   -1.45759  
298.000     2.77647    0.51091   -1.46041  
299.000     2.78741    0.51270   -1.46321  
300.000     2.79832    0.51449   -1.46599  