  1.000     0.00598  
  2.000     0.03023  
  3.000     0.07500  
  4.000     0.13955  
  5.000     0.22228  
  6.000     0.32137  
  7.000     0.43504  
  8.000     0.56162  
  9.000     0.69962  
 10.000     0.84769  
 11.000     1.00466  
 12.000     1.16947  
 13.000     1.34120  
 14.000     1.51902  
 15.000     1.70221  
 16.000     1.89012  
 17.000     2.08219  
 18.000     2.27790  
 19.000     2.47679  
 20.000     2.67846  
 21.000     2.88253  
 22.000     3.08869  
 23.000     3.29662  
 24.000     3.50606  
 25.000     3.71677  
 26.000     3.92852  
 27.000     4.14110  
 28.000     4.35434  
 29.000     4.56807  
 30.000     4.78212  
 31.000     4.99637  
 32.000     5.21067  
 33.000     5.42490  
 34.000     5.63897  
 35.000     5.85276  
 36.000     6.06618  
 37.000     6.27914  
 38.000     6.49157  
 39.000     6.70338  
 40.000     6.91452  
 41.000     7.12490  
 42.000     7.33448  
 43.000     7.54320  
 44.000     7.75100  
 45.000     7.95784  
 46.000     8.16368  
 47.000     8.36846  
 48.000     8.57216  
 49.000     8.77474  
 50.000     8.97615  
 51.000     9.17638  
 52.000     9.37539  
 53.000     9.57316  
 54.000     9.76966  
 55.000     9.96486  
 56.000    10.15875  
 57.000    10.35131  
 58.000    10.54251  
 59.000    10.73235  
 60.000    10.92080  
 61.000    11.10785  
 62.000    11.29349  
 63.000    11.47771  
 64.000    11.66049  
 65.000    11.84183  
 66.000    12.02171  
 67.000    12.20013  
 68.000    12.37709  
 69.000    12.55257  
 70.000    12.72657  
 71.000    12.89909  
 72.000    13.07012  
 73.000    13.23966  
 74.000    13.40770  
 75.000    13.57426  
 76.000    13.73931  
 77.000    13.90287  
 78.000    14.06494  
 79.000    14.22550  
 80.000    14.38458  
 81.000    14.54215  
 82.000    14.69824  
 83.000    14.85284  
 84.000    15.00595  
 85.000    15.15758  
 86.000    15.30772  
 87.000    15.45639  
 88.000    15.60359  
 89.000    15.74932  
 90.000    15.89359  
 91.000    16.03640  
 92.000    16.17776  
 93.000    16.31767  
 94.000    16.45614  
 95.000    16.59317  
 96.000    16.72878  
 97.000    16.86296  
 98.000    16.99573  
 99.000    17.12709  
100.000    17.25705  
101.000    17.38561  
102.000    17.51279  
103.000    17.63859  
104.000    17.76301  
105.000    17.88607  
106.000    18.00778  
107.000    18.12814  
108.000    18.24716  
109.000    18.36484  
110.000    18.48120  
111.000    18.59625  
112.000    18.70999  
113.000    18.82244  
114.000    18.93359  
115.000    19.04346  
116.000    19.15206  
117.000    19.25940  
118.000    19.36548  
119.000    19.47032  
120.000    19.57392  
121.000    19.67629  
122.000    19.77745  
123.000    19.87739  
124.000    19.97613  
125.000    20.07368  
126.000    20.17004  
127.000    20.26524  
128.000    20.35926  
129.000    20.45213  
130.000    20.54385  
131.000    20.63443  
132.000    20.72389  
133.000    20.81222  
134.000    20.89944  
135.000    20.98555  
136.000    21.07057  
137.000    21.15451  
138.000    21.23737  
139.000    21.31916  
140.000    21.39989  
141.000    21.47957  
142.000    21.55821  
143.000    21.63581  
144.000    21.71239  
145.000    21.78795  
146.000    21.86251  
147.000    21.93606  
148.000    22.00863  
149.000    22.08021  
150.000    22.15082  
151.000    22.22046  
152.000    22.28914  
153.000    22.35687  
154.000    22.42366  
155.000    22.48952  
156.000    22.55445  
157.000    22.61846  
158.000    22.68156  
159.000    22.74376  
160.000    22.80507  
161.000    22.86549  
162.000    22.92503  
163.000    22.98370  
164.000    23.04150  
165.000    23.09845  
166.000    23.15455  
167.000    23.20981  
168.000    23.26424  
169.000    23.31784  
170.000    23.37061  
171.000    23.42258  
172.000    23.47374  
173.000    23.52410  
174.000    23.57368  
175.000    23.62246  
176.000    23.67047  
177.000    23.71771  
178.000    23.76419  
179.000    23.80990  
180.000    23.85487  
181.000    23.89910  
182.000    23.94258  
183.000    23.98534  
184.000    24.02737  
185.000    24.06868  
186.000    24.10929  
187.000    24.14918  
188.000    24.18838  
189.000    24.22688  
190.000    24.26470  
191.000    24.30184  
192.000    24.33830  
193.000    24.37409  
194.000    24.40922  
195.000    24.44369  
196.000    24.47751  
197.000    24.51069  
198.000    24.54322  
199.000    24.57512  
200.000    24.60639  
201.000    24.63704  
202.000    24.66707  
203.000    24.69649  
204.000    24.72530  
205.000    24.75351  
206.000    24.78112  
207.000    24.80814  
208.000    24.83458  
209.000    24.86043  
210.000    24.88571  
211.000    24.91041  
212.000    24.93455  
213.000    24.95813  
214.000    24.98115  
215.000    25.00362  
216.000    25.02555  
217.000    25.04693  
218.000    25.06778  
219.000    25.08809  
220.000    25.10788  
221.000    25.12714  
222.000    25.14588  
223.000    25.16411  
224.000    25.18183  
225.000    25.19904  
226.000    25.21575  
227.000    25.23197  
228.000    25.24769  
229.000    25.26292  
230.000    25.27767  
231.000    25.29194  
232.000    25.30574  
233.000    25.31906  
234.000    25.33191  
235.000    25.34430  
236.000    25.35623  
237.000    25.36771  
238.000    25.37873  
239.000    25.38931  
240.000    25.39944  
241.000    25.40912  
242.000    25.41838  
243.000    25.42720  
244.000    25.43558  
245.000    25.44355  
246.000    25.45109  
247.000    25.45821  
248.000    25.46492  
249.000    25.47121  
250.000    25.47710  
251.000    25.48258  
252.000    25.48766  
253.000    25.49234  
254.000    25.49663  
255.000    25.50052  
256.000    25.50403  
257.000    25.50715  
258.000    25.50989  
259.000    25.51226  
260.000    25.51424  
261.000    25.51586  
262.000    25.51710  
263.000    25.51798  
264.000    25.51849  
265.000    25.51865  
266.000    25.51845  
267.000    25.51789  
268.000    25.51698  
269.000    25.51572  
270.000    25.51412  
271.000    25.51218  
272.000    25.50989  
273.000    25.50727  
274.000    25.50431  
275.000    25.50102  
276.000    25.49741  
277.000    25.49346  
278.000    25.48919  
279.000    25.48460  
280.000    25.47970  
281.000    25.47447  
282.000    25.46894  
283.000    25.46309  
284.000    25.45693  
285.000    25.45047  
286.000    25.44371  
287.000    25.43664  
288.000    25.42928  
289.000    25.42162  
290.000    25.41367  
291.000    25.40542  
292.000    25.39689  
293.000    25.38807  
294.000    25.37896  
295.000    25.36958  
296.000    25.35991  
297.000    25.34997  
298.000    25.33975  
299.000    25.32926  
300.000    25.31849  