  1.000   147.75748  -0.00516   0.10449  
  2.000   136.47638   -0.02568    0.25128  
  3.000   128.79800   -0.06295    0.39918  
  4.000   122.93744   -0.11596    0.53850  
  5.000   118.19322   -0.18314    0.66656  
  6.000   114.20743   -0.26281    0.78305  
  7.000   110.77078   -0.35336    0.88857  
  8.000   107.74988   -0.45338    0.98403  
  9.000   105.05442   -0.56157    1.07044  
 10.000   102.62041   -0.67682    1.14874  
 11.000   100.40088   -0.79814    1.21982  
 12.000    98.36037   -0.92468    1.28447  
 13.000    96.47147   -1.05570    1.34340  
 14.000    94.71256   -1.19054    1.39723  
 15.000    93.06629   -1.32864    1.44651  
 16.000    91.51857   -1.46950    1.49173  
 17.000    90.05776   -1.61270    1.53331  
 18.000    88.67416   -1.75785    1.57164  
 19.000    87.35960   -1.90461    1.60703  
 20.000    86.10716   -2.05270    1.63979  
 21.000    84.91087   -2.20186    1.67018  
 22.000    83.76562   -2.35185    1.69842  
 23.000    82.66695   -2.50248    1.72472  
 24.000    81.61095   -2.65356    1.74926  
 25.000    80.59421   -2.80495    1.77222  
 26.000    79.61369   -2.95649    1.79372  
 27.000    78.66671   -3.10807    1.81392  
 28.000    77.75087   -3.25957    1.83291  
 29.000    76.86402   -3.41090    1.85082  
 30.000    76.00424   -3.56197    1.86773  
 31.000    75.16977   -3.71270    1.88374  
 32.000    74.35905   -3.86303    1.89892  
 33.000    73.57064   -4.01288    1.91334  
 34.000    72.80323   -4.16222    1.92707  
 35.000    72.05564   -4.31098    1.94016  
 36.000    71.32677   -4.45913    1.95267  
 37.000    70.61562   -4.60663    1.96465  
 38.000    69.92126   -4.75344    1.97615  
 39.000    69.24285   -4.89954    1.98720  
 40.000    68.57960   -5.04489    1.99783  
 41.000    67.93078   -5.18949    2.00810  
 42.000    67.29571   -5.33330    2.01802  
 43.000    66.67377   -5.47631    2.02762  
 44.000    66.06436   -5.61850    2.03694  
 45.000    65.46695   -5.75987    2.04599  
 46.000    64.88102   -5.90040    2.05480  
 47.000    64.30609   -6.04007    2.06338  
 48.000    63.74172   -6.17890    2.07177  
 49.000    63.18748   -6.31685    2.07997  
 50.000    62.64299   -6.45394    2.08800  
 51.000    62.10785   -6.59016    2.09588  
 52.000    61.58174   -6.72550    2.10361  
 53.000    61.06431   -6.85997    2.11122  
 54.000    60.55526   -6.99356    2.11872  
 55.000    60.05429   -7.12627    2.12611  
 56.000    59.56111   -7.25811    2.13340  
 57.000    59.07548   -7.38906    2.14062  
 58.000    58.59712   -7.51915    2.14775  
 59.000    58.12581   -7.64836    2.15482  
 60.000    57.66132   -7.77670    2.16182  
 61.000    57.20343   -7.90417    2.16878  
 62.000    56.75194   -8.03079    2.17568  
 63.000    56.30666   -8.15654    2.18254  
 64.000    55.86739   -8.28143    2.18937  
 65.000    55.43396   -8.40548    2.19617  
 66.000    55.00620   -8.52868    2.20294  
 67.000    54.58394   -8.65104    2.20969  
 68.000    54.16704   -8.77256    2.21643  
 69.000    53.75535   -8.89326    2.22315  
 70.000    53.34871   -9.01312    2.22986  
 71.000    52.94700   -9.13217    2.23656  
 72.000    52.55008   -9.25040    2.24326  
 73.000    52.15784   -9.36783    2.24996  
 74.000    51.77014   -9.48445    2.25667  
 75.000    51.38688   -9.60028    2.26337  
 76.000    51.00794   -9.71532    2.27009  
 77.000    50.63322   -9.82957    2.27681  
 78.000    50.26261   -9.94304    2.28355  
 79.000    49.89601  -10.05575    2.29029  
 80.000    49.53333  -10.16768    2.29705  
 81.000    49.17449  -10.27886    2.30383  
 82.000    48.81938  -10.38929    2.31062  
 83.000    48.46792  -10.49897    2.31743  
 84.000    48.12003  -10.60791    2.32426  
 85.000    47.77564  -10.71611    2.33112  
 86.000    47.43466  -10.82359    2.33799  
 87.000    47.09702  -10.93035    2.34489  
 88.000    46.76266  -11.03639    2.35181  
 89.000    46.43149  -11.14172    2.35875  
 90.000    46.10345  -11.24635    2.36572  
 91.000    45.77848  -11.35029    2.37271  
 92.000    45.45652  -11.45353    2.37973  
 93.000    45.13750  -11.55609    2.38678  
 94.000    44.82136  -11.65798    2.39385  
 95.000    44.50806  -11.75919    2.40095  
 96.000    44.19752  -11.85973    2.40807  
 97.000    43.88970  -11.95962    2.41523  
 98.000    43.58455  -12.05885    2.42241  
 99.000    43.28202  -12.15743    2.42962  
100.000    42.98205  -12.25537    2.43686  
101.000    42.68460  -12.35268    2.44413  
102.000    42.38963  -12.44936    2.45142  
103.000    42.09708  -12.54541    2.45875  
104.000    41.80691  -12.64084    2.46610  
105.000    41.51909  -12.73566    2.47348  
106.000    41.23356  -12.82987    2.48089  
107.000    40.95029  -12.92348    2.48833  
108.000    40.66925  -13.01650    2.49579  
109.000    40.39038  -13.10892    2.50329  
110.000    40.11366  -13.20076    2.51081  
111.000    39.83905  -13.29202    2.51836  
112.000    39.56652  -13.38270    2.52594  
113.000    39.29602  -13.47281    2.53354  
114.000    39.02752  -13.56236    2.54117  
115.000    38.76100  -13.65136    2.54883  
116.000    38.49642  -13.73979    2.55652  
117.000    38.23375  -13.82768    2.56424  
118.000    37.97296  -13.91502    2.57198  
119.000    37.71402  -14.00183    2.57974  
120.000    37.45690  -14.08810    2.58753  
121.000    37.20157  -14.17385    2.59535  
122.000    36.94801  -14.25906    2.60319  
123.000    36.69619  -14.34376    2.61106  
124.000    36.44608  -14.42795    2.61896  
125.000    36.19765  -14.51163    2.62687  
126.000    35.95089  -14.59480    2.63482  
127.000    35.70577  -14.67747    2.64278  
128.000    35.46226  -14.75964    2.65077  
129.000    35.22034  -14.84132    2.65878  
130.000    34.97999  -14.92252    2.66682  
131.000    34.74118  -15.00323    2.67488  
132.000    34.50389  -15.08347    2.68296  
133.000    34.26811  -15.16323    2.69106  
134.000    34.03381  -15.24253    2.69918  
135.000    33.80097  -15.32135    2.70733  
136.000    33.56956  -15.39972    2.71549  
137.000    33.33958  -15.47763    2.72368  
138.000    33.11100  -15.55509    2.73189  
139.000    32.88381  -15.63210    2.74011  
140.000    32.65797  -15.70866    2.74836  
141.000    32.43349  -15.78479    2.75662  
142.000    32.21033  -15.86047    2.76490  
143.000    31.98848  -15.93573    2.77320  
144.000    31.76792  -16.01056    2.78152  
145.000    31.54865  -16.08496    2.78986  
146.000    31.33063  -16.15894    2.79821  
147.000    31.11386  -16.23250    2.80658  
148.000    30.89832  -16.30565    2.81497  
149.000    30.68399  -16.37839    2.82337  
150.000    30.47086  -16.45073    2.83179  
151.000    30.25892  -16.52266    2.84023  
152.000    30.04814  -16.59420    2.84868  
153.000    29.83852  -16.66533    2.85714  
154.000    29.63004  -16.73608    2.86562  
155.000    29.42269  -16.80644    2.87411  
156.000    29.21645  -16.87641    2.88262  
157.000    29.01131  -16.94601    2.89114  
158.000    28.80726  -17.01522    2.89967  
159.000    28.60428  -17.08406    2.90821  
160.000    28.40237  -17.15253    2.91677  
161.000    28.20150  -17.22063    2.92534  
162.000    28.00167  -17.28837    2.93392  
163.000    27.80287  -17.35574    2.94251  
164.000    27.60509  -17.42276    2.95111  
165.000    27.40830  -17.48942    2.95972  
166.000    27.21251  -17.55573    2.96834  
167.000    27.01769  -17.62169    2.97697  
168.000    26.82385  -17.68730    2.98561  
169.000    26.63097  -17.75257    2.99426  
170.000    26.43903  -17.81750    3.00292  
171.000    26.24803  -17.88210    3.01159  
172.000    26.05796  -17.94636    3.02026  
173.000    25.86880  -18.01029    3.02895  
174.000    25.68055  -18.07389    3.03764  
175.000    25.49320  -18.13716    3.04633  
176.000    25.30674  -18.20012    3.05504  
177.000    25.12116  -18.26275    3.06375  
178.000    24.93645  -18.32507    3.07246  
179.000    24.75259  -18.38707    3.08118  
180.000    24.56959  -18.44876    3.08991  
181.000    24.38743  -18.51015    3.09864  
182.000    24.20611  -18.57122    3.10738  
183.000    24.02561  -18.63200    3.11612  
184.000    23.84593  -18.69247    3.12487  
185.000    23.66705  -18.75264    3.13362  
186.000    23.48898  -18.81252    3.14237  
187.000    23.31170  -18.87211    3.15113  
188.000    23.13521  -18.93141    3.15989  
189.000    22.95949  -18.99041    3.16865  
190.000    22.78454  -19.04914    3.17741  
191.000    22.61035  -19.10758    3.18618  
192.000    22.43692  -19.16573    3.19495  
193.000    22.26423  -19.22362    3.20372  
194.000    22.09228  -19.28122    3.21249  
195.000    21.92107  -19.33855    3.22126  
196.000    21.75058  -19.39561    3.23003  
197.000    21.58081  -19.45241    3.23881  
198.000    21.41175  -19.50893    3.24758  
199.000    21.24340  -19.56519    3.25635  
200.000    21.07574  -19.62119    3.26513  
201.000    20.90878  -19.67693    3.27390  
202.000    20.74250  -19.73241    3.28267  
203.000    20.57690  -19.78764    3.29144  
204.000    20.41197  -19.84261    3.30021  
205.000    20.24772  -19.89734    3.30897  
206.000    20.08412  -19.95181    3.31774  
207.000    19.92117  -20.00604    3.32650  
208.000    19.75888  -20.06002    3.33526  
209.000    19.59722  -20.11376    3.34402  
210.000    19.43621  -20.16726    3.35277  
211.000    19.27582  -20.22053    3.36152  
212.000    19.11606  -20.27355    3.37027  
213.000    18.95692  -20.32634    3.37901  
214.000    18.79840  -20.37890    3.38775  
215.000    18.64048  -20.43123    3.39649  
216.000    18.48317  -20.48333    3.40522  
217.000    18.32646  -20.53520    3.41394  
218.000    18.17034  -20.58685    3.42266  
219.000    18.01481  -20.63828    3.43138  
220.000    17.85987  -20.68948    3.44009  
221.000    17.70550  -20.74047    3.44880  
222.000    17.55170  -20.79124    3.45750  
223.000    17.39848  -20.84179    3.46619  
224.000    17.24582  -20.89213    3.47488  
225.000    17.09371  -20.94226    3.48356  
226.000    16.94216  -20.99218    3.49223  
227.000    16.79117  -21.04189    3.50090  
228.000    16.64071  -21.09139    3.50956  
229.000    16.49080  -21.14069    3.51821  
230.000    16.34142  -21.18979    3.52685  
231.000    16.19258  -21.23868    3.53549  
232.000    16.04426  -21.28738    3.54412  
233.000    15.89647  -21.33588    3.55274  
234.000    15.74920  -21.38418    3.56135  
235.000    15.60244  -21.43228    3.56996  
236.000    15.45619  -21.48020    3.57855  
237.000    15.31045  -21.52792    3.58714  
238.000    15.16521  -21.57545    3.59572  
239.000    15.02047  -21.62280    3.60429  
240.000    14.87622  -21.66995    3.61285  
241.000    14.73247  -21.71693    3.62140  
242.000    14.58920  -21.76372    3.62994  
243.000    14.44642  -21.81032    3.63847  
244.000    14.30411  -21.85675    3.64699  
245.000    14.16228  -21.90300    3.65549  
246.000    14.02093  -21.94907    3.66399  
247.000    13.88004  -21.99497    3.67248  
248.000    13.73962  -22.04069    3.68096  
249.000    13.59966  -22.08623    3.68942  
250.000    13.46015  -22.13161    3.69788  
251.000    13.32110  -22.17681    3.70632  
252.000    13.18251  -22.22185    3.71475  
253.000    13.04436  -22.26672    3.72317  
254.000    12.90665  -22.31142    3.73158  
255.000    12.76938  -22.35596    3.73998  
256.000    12.63256  -22.40034    3.74836  
257.000    12.49617  -22.44455    3.75674  
258.000    12.36020  -22.48860    3.76510  
259.000    12.22467  -22.53250    3.77344  
260.000    12.08956  -22.57623    3.78178  
261.000    11.95488  -22.61981    3.79010  
262.000    11.82061  -22.66324    3.79841  
263.000    11.68676  -22.70651    3.80670  
264.000    11.55332  -22.74962    3.81498  
265.000    11.42029  -22.79259    3.82325  
266.000    11.28767  -22.83541    3.83151  
267.000    11.15545  -22.87807    3.83975  
268.000    11.02364  -22.92059    3.84797  
269.000    10.89222  -22.96296    3.85619  
270.000    10.76120  -23.00519    3.86439  
271.000    10.63057  -23.04728    3.87257  
272.000    10.50033  -23.08922    3.88074  
273.000    10.37048  -23.13101    3.88890  
274.000    10.24101  -23.17267    3.89704  
275.000    10.11193  -23.21419    3.90516  
276.000     9.98322  -23.25557    3.91327  
277.000     9.85490  -23.29682    3.92137  
278.000     9.72694  -23.33792    3.92945  
279.000     9.59936  -23.37890    3.93752  
280.000     9.47215  -23.41974    3.94557  
281.000     9.34530  -23.46044    3.95360  
282.000     9.21882  -23.50102    3.96162  
283.000     9.09270  -23.54146    3.96963  
284.000     8.96694  -23.58178    3.97761  
285.000     8.84153  -23.62196    3.98559  
286.000     8.71648  -23.66202    3.99354  
287.000     8.59179  -23.70196    4.00148  
288.000     8.46744  -23.74177    4.00941  
289.000     8.34344  -23.78145    4.01731  
290.000     8.21978  -23.82101    4.02520  
291.000     8.09647  -23.86045    4.03308  
292.000     7.97350  -23.89977    4.04093  
293.000     7.85087  -23.93897    4.04878  
294.000     7.72857  -23.97804    4.05660  
295.000     7.60661  -24.01701    4.06441  
296.000     7.48498  -24.05585    4.07220  
297.000     7.36368  -24.09458    4.07997  
298.000     7.24271  -24.13319    4.08772  
299.000     7.12207  -24.17169    4.09546  
300.000     7.00175  -24.21007    4.10318  
