1.000     0.00000  
  2.000     0.00004  
  3.000     0.00019  
  4.000     0.00057  
  5.000     0.00130  
  6.000     0.00249  
  7.000     0.00426  
  8.000     0.00666  
  9.000     0.00979  
 10.000     0.01368  
 11.000     0.01838  
 12.000     0.02391  
 13.000     0.03029  
 14.000     0.03752  
 15.000     0.04560  
 16.000     0.05453  
 17.000     0.06430  
 18.000     0.07489  
 19.000     0.08628  
 20.000     0.09847  
 21.000     0.11142  
 22.000     0.12511  
 23.000     0.13953  
 24.000     0.15465  
 25.000     0.17045  
 26.000     0.18690  
 27.000     0.20398  
 28.000     0.22166  
 29.000     0.23994  
 30.000     0.25877  
 31.000     0.27815  
 32.000     0.29804  
 33.000     0.31844  
 34.000     0.33932  
 35.000     0.36066  
 36.000     0.38244  
 37.000     0.40464  
 38.000     0.42725  
 39.000     0.45026  
 40.000     0.47363  
 41.000     0.49737  
 42.000     0.52145  
 43.000     0.54585  
 44.000     0.57058  
 45.000     0.59560  
 46.000     0.62092  
 47.000     0.64651  
 48.000     0.67236  
 49.000     0.69847  
 50.000     0.72482  
 51.000     0.75140  
 52.000     0.77820  
 53.000     0.80522  
 54.000     0.83244  
 55.000     0.85985  
 56.000     0.88744  
 57.000     0.91521  
 58.000     0.94315  
 59.000     0.97125  
 60.000     0.99950  
 61.000     1.02790  
 62.000     1.05644  
 63.000     1.08511  
 64.000     1.11390  
 65.000     1.14282  
 66.000     1.17184  
 67.000     1.20098  
 68.000     1.23022  
 69.000     1.25955  
 70.000     1.28898  
 71.000     1.31849  
 72.000     1.34809  
 73.000     1.37777  
 74.000     1.40752  
 75.000     1.43733  
 76.000     1.46722  
 77.000     1.49716  
 78.000     1.52717  
 79.000     1.55722  
 80.000     1.58733  
 81.000     1.61748  
 82.000     1.64768  
 83.000     1.67791  
 84.000     1.70819  
 85.000     1.73850  
 86.000     1.76884  
 87.000     1.79921  
 88.000     1.82960  
 89.000     1.86002  
 90.000     1.89046  
 91.000     1.92092  
 92.000     1.95139  
 93.000     1.98188  
 94.000     2.01238  
 95.000     2.04289  
 96.000     2.07341  
 97.000     2.10393  
 98.000     2.13446  
 99.000     2.16498  
100.000     2.19551  
101.000     2.22604  
102.000     2.25656  
103.000     2.28708  
104.000     2.31759  
105.000     2.34809  
106.000     2.37858  
107.000     2.40907  
108.000     2.43953  
109.000     2.46999  
110.000     2.50043  
111.000     2.53085  
112.000     2.56126  
113.000     2.59164  
114.000     2.62201  
115.000     2.65235  
116.000     2.68268  
117.000     2.71297  
118.000     2.74325  
119.000     2.77349  
120.000     2.80372  
121.000     2.83391  
122.000     2.86407  
123.000     2.89421  
124.000     2.92432  
125.000     2.95439  
126.000     2.98443  
127.000     3.01444  
128.000     3.04441  
129.000     3.07435  
130.000     3.10426  
131.000     3.13413  
132.000     3.16396  
133.000     3.19376  
134.000     3.22351  
135.000     3.25323  
136.000     3.28291  
137.000     3.31255  
138.000     3.34214  
139.000     3.37170  
140.000     3.40121  
141.000     3.43068  
142.000     3.46011  
143.000     3.48950  
144.000     3.51884  
145.000     3.54813  
146.000     3.57738  
147.000     3.60659  
148.000     3.63574  
149.000     3.66485  
150.000     3.69392  
151.000     3.72293  
152.000     3.75190  
153.000     3.78082  
154.000     3.80969  
155.000     3.83851  
156.000     3.86728  
157.000     3.89600  
158.000     3.92467  
159.000     3.95329  
160.000     3.98186  
161.000     4.01037  
162.000     4.03883  
163.000     4.06724  
164.000     4.09560  
165.000     4.12390  
166.000     4.15215  
167.000     4.18035  
168.000     4.20849  
169.000     4.23658  
170.000     4.26461  
171.000     4.29258  
172.000     4.32050  
173.000     4.34837  
174.000     4.37617  
175.000     4.40393  
176.000     4.43162  
177.000     4.45926  
178.000     4.48684  
179.000     4.51436  
180.000     4.54182  
181.000     4.56923  
182.000     4.59657  
183.000     4.62386  
184.000     4.65109  
185.000     4.67826  
186.000     4.70537  
187.000     4.73242  
188.000     4.75941  
189.000     4.78634  
190.000     4.81321  
191.000     4.84002  
192.000     4.86677  
193.000     4.89345  
194.000     4.92008  
195.000     4.94664  
196.000     4.97314  
197.000     4.99958  
198.000     5.02596  
199.000     5.05227  
200.000     5.07852  
201.000     5.10471  
202.000     5.13084  
203.000     5.15690  
204.000     5.18290  
205.000     5.20883  
206.000     5.23470  
207.000     5.26051  
208.000     5.28625  
209.000     5.31193  
210.000     5.33755  
211.000     5.36309  
212.000     5.38858  
213.000     5.41400  
214.000     5.43935  
215.000     5.46464  
216.000     5.48986  
217.000     5.51502  
218.000     5.54011  
219.000     5.56513  
220.000     5.59009  
221.000     5.61498  
222.000     5.63981  
223.000     5.66457  
224.000     5.68926  
225.000     5.71388  
226.000     5.73844  
227.000     5.76293  
228.000     5.78735  
229.000     5.81171  
230.000     5.83599  
231.000     5.86021  
232.000     5.88437  
233.000     5.90845  
234.000     5.93246  
235.000     5.95641  
236.000     5.98029  
237.000     6.00410  
238.000     6.02784  
239.000     6.05151  
240.000     6.07511  
241.000     6.09864  
242.000     6.12211  
243.000     6.14550  
244.000     6.16883  
245.000     6.19208  
246.000     6.21527  
247.000     6.23838  
248.000     6.26143  
249.000     6.28441  
250.000     6.30731  
251.000     6.33015  
252.000     6.35291  
253.000     6.37561  
254.000     6.39823  
255.000     6.42078  
256.000     6.44327  
257.000     6.46568  
258.000     6.48802  
259.000     6.51029  
260.000     6.53248  
261.000     6.55461  
262.000     6.57667  
263.000     6.59865  
264.000     6.62056  
265.000     6.64240  
266.000     6.66417  
267.000     6.68587  
268.000     6.70750  
269.000     6.72905  
270.000     6.75053  
271.000     6.77194  
272.000     6.79328  
273.000     6.81454  
274.000     6.83574  
275.000     6.85686  
276.000     6.87790  
277.000     6.89888  
278.000     6.91978  
279.000     6.94061  
280.000     6.96137  
281.000     6.98205  
282.000     7.00266  
283.000     7.02320  
284.000     7.04366  
285.000     7.06406  
286.000     7.08437  
287.000     7.10462  
288.000     7.12479  
289.000     7.14489  
290.000     7.16492  
291.000     7.18487  
292.000     7.20475  
293.000     7.22455  
294.000     7.24428  
295.000     7.26394  
296.000     7.28352  
297.000     7.30303  
298.000     7.32247  
299.000     7.34183  
300.000     7.36112 