  1.000    -0.00003  
  2.000    -0.00025  
  3.000    -0.00089  
  4.000    -0.00214  
  5.000    -0.00411  
  6.000    -0.00690  
  7.000    -0.01054  
  8.000    -0.01506  
  9.000    -0.02045  
 10.000    -0.02670  
 11.000    -0.03378  
 12.000    -0.04166  
 13.000    -0.05029  
 14.000    -0.05965  
 15.000    -0.06969  
 16.000    -0.08037  
 17.000    -0.09165  
 18.000    -0.10348  
 19.000    -0.11584  
 20.000    -0.12868  
 21.000    -0.14196  
 22.000    -0.15566  
 23.000    -0.16975  
 24.000    -0.18418  
 25.000    -0.19894  
 26.000    -0.21400  
 27.000    -0.22933  
 28.000    -0.24490  
 29.000    -0.26070  
 30.000    -0.27671  
 31.000    -0.29290  
 32.000    -0.30925  
 33.000    -0.32576  
 34.000    -0.34239  
 35.000    -0.35914  
 36.000    -0.37600  
 37.000    -0.39294  
 38.000    -0.40996  
 39.000    -0.42704  
 40.000    -0.44418  
 41.000    -0.46135  
 42.000    -0.47856  
 43.000    -0.49579  
 44.000    -0.51304  
 45.000    -0.53029  
 46.000    -0.54754  
 47.000    -0.56478  
 48.000    -0.58201  
 49.000    -0.59921  
 50.000    -0.61639  
 51.000    -0.63353  
 52.000    -0.65064  
 53.000    -0.66770  
 54.000    -0.68471  
 55.000    -0.70167  
 56.000    -0.71858  
 57.000    -0.73542  
 58.000    -0.75220  
 59.000    -0.76892  
 60.000    -0.78556  
 61.000    -0.80213  
 62.000    -0.81863  
 63.000    -0.83505  
 64.000    -0.85139  
 65.000    -0.86764  
 66.000    -0.88382  
 67.000    -0.89990  
 68.000    -0.91590  
 69.000    -0.93181  
 70.000    -0.94763  
 71.000    -0.96336  
 72.000    -0.97899  
 73.000    -0.99453  
 74.000    -1.00998  
 75.000    -1.02532  
 76.000    -1.04057  
 77.000    -1.05573  
 78.000    -1.07078  
 79.000    -1.08574  
 80.000    -1.10059  
 81.000    -1.11535  
 82.000    -1.13000  
 83.000    -1.14456  
 84.000    -1.15901  
 85.000    -1.17336  
 86.000    -1.18761  
 87.000    -1.20176  
 88.000    -1.21581  
 89.000    -1.22976  
 90.000    -1.24360  
 91.000    -1.25734  
 92.000    -1.27098  
 93.000    -1.28452  
 94.000    -1.29796  
 95.000    -1.31130  
 96.000    -1.32454  
 97.000    -1.33767  
 98.000    -1.35071  
 99.000    -1.36364  
100.000    -1.37648  
101.000    -1.38922  
102.000    -1.40186  
103.000    -1.41440  
104.000    -1.42684  
105.000    -1.43918  
106.000    -1.45143  
107.000    -1.46358  
108.000    -1.47564  
109.000    -1.48759  
110.000    -1.49946  
111.000    -1.51123  
112.000    -1.52290  
113.000    -1.53448  
114.000    -1.54597  
115.000    -1.55736  
116.000    -1.56866  
117.000    -1.57987  
118.000    -1.59099  
119.000    -1.60202  
120.000    -1.61296  
121.000    -1.62382  
122.000    -1.63458  
123.000    -1.64525  
124.000    -1.65584  
125.000    -1.66634  
126.000    -1.67675  
127.000    -1.68708  
128.000    -1.69733  
129.000    -1.70749  
130.000    -1.71756  
131.000    -1.72756  
132.000    -1.73747  
133.000    -1.74730  
134.000    -1.75705  
135.000    -1.76671  
136.000    -1.77630  
137.000    -1.78581  
138.000    -1.79524  
139.000    -1.80459  
140.000    -1.81387  
141.000    -1.82307  
142.000    -1.83219  
143.000    -1.84124  
144.000    -1.85021  
145.000    -1.85911  
146.000    -1.86793  
147.000    -1.87668  
148.000    -1.88536  
149.000    -1.89397  
150.000    -1.90251  
151.000    -1.91098  
152.000    -1.91937  
153.000    -1.92770  
154.000    -1.93596  
155.000    -1.94415  
156.000    -1.95228  
157.000    -1.96033  
158.000    -1.96833  
159.000    -1.97625  
160.000    -1.98411  
161.000    -1.99191  
162.000    -1.99964  
163.000    -2.00731  
164.000    -2.01492  
165.000    -2.02246  
166.000    -2.02994  
167.000    -2.03737  
168.000    -2.04473  
169.000    -2.05203  
170.000    -2.05927  
171.000    -2.06645  
172.000    -2.07358  
173.000    -2.08065  
174.000    -2.08766  
175.000    -2.09461  
176.000    -2.10151  
177.000    -2.10835  
178.000    -2.11514  
179.000    -2.12188  
180.000    -2.12856  
181.000    -2.13518  
182.000    -2.14175  
183.000    -2.14828  
184.000    -2.15474  
185.000    -2.16116  
186.000    -2.16753  
187.000    -2.17384  
188.000    -2.18011  
189.000    -2.18633  
190.000    -2.19249  
191.000    -2.19861  
192.000    -2.20468  
193.000    -2.21071  
194.000    -2.21668  
195.000    -2.22261  
196.000    -2.22849  
197.000    -2.23433  
198.000    -2.24012  
199.000    -2.24587  
200.000    -2.25157  
201.000    -2.25723  
202.000    -2.26284  
203.000    -2.26842  
204.000    -2.27394  
205.000    -2.27943  
206.000    -2.28487  
207.000    -2.29028  
208.000    -2.29564  
209.000    -2.30096  
210.000    -2.30624  
211.000    -2.31148  
212.000    -2.31668  
213.000    -2.32184  
214.000    -2.32696  
215.000    -2.33205  
216.000    -2.33709  
217.000    -2.34210  
218.000    -2.34707  
219.000    -2.35201  
220.000    -2.35690  
221.000    -2.36177  
222.000    -2.36659  
223.000    -2.37138  
224.000    -2.37613  
225.000    -2.38085  
226.000    -2.38554  
227.000    -2.39019  
228.000    -2.39480  
229.000    -2.39939  
230.000    -2.40394  
231.000    -2.40845  
232.000    -2.41294  
233.000    -2.41739  
234.000    -2.42181  
235.000    -2.42620  
236.000    -2.43055  
237.000    -2.43488  
238.000    -2.43917  
239.000    -2.44344  
240.000    -2.44767  
241.000    -2.45188  
242.000    -2.45605  
243.000    -2.46019  
244.000    -2.46431  
245.000    -2.46840  
246.000    -2.47245  
247.000    -2.47648  
248.000    -2.48049  
249.000    -2.48446  
250.000    -2.48841  
251.000    -2.49232  
252.000    -2.49622  
253.000    -2.50008  
254.000    -2.50392  
255.000    -2.50773  
256.000    -2.51152  
257.000    -2.51528  
258.000    -2.51901  
259.000    -2.52272  
260.000    -2.52641  
261.000    -2.53007  
262.000    -2.53370  
263.000    -2.53731  
264.000    -2.54090  
265.000    -2.54446  
266.000    -2.54800  
267.000    -2.55151  
268.000    -2.55500  
269.000    -2.55847  
270.000    -2.56192  
271.000    -2.56534  
272.000    -2.56874  
273.000    -2.57211  
274.000    -2.57547  
275.000    -2.57880  
276.000    -2.58211  
277.000    -2.58540  
278.000    -2.58867  
279.000    -2.59191  
280.000    -2.59514  
281.000    -2.59834  
282.000    -2.60153  
283.000    -2.60469  
284.000    -2.60783  
285.000    -2.61095  
286.000    -2.61406  
287.000    -2.61714  
288.000    -2.62020  
289.000    -2.62324  
290.000    -2.62627  
291.000    -2.62927  
292.000    -2.63225  
293.000    -2.63522  
294.000    -2.63817  
295.000    -2.64109  
296.000    -2.64400  
297.000    -2.64690  
298.000    -2.64977  
299.000    -2.65262  
300.000    -2.65546  