 1.000     0.00010   -0.00000  0.00009  
  2.000     0.00047    -0.00001    0.00085  
  3.000     0.00104    -0.00005    0.00298  
  4.000     0.00176    -0.00015    0.00701  
  5.000     0.00256    -0.00035    0.01329  
  6.000     0.00343    -0.00068    0.02198  
  7.000     0.00436    -0.00117    0.03315  
  8.000     0.00535    -0.00184    0.04681  
  9.000     0.00643    -0.00273    0.06290  
 10.000     0.00762    -0.00384    0.08131  
 11.000     0.00895    -0.00520    0.10193  
 12.000     0.01046    -0.00682    0.12464  
 13.000     0.01217    -0.00870    0.14930  
 14.000     0.01412    -0.01086    0.17578  
 15.000     0.01634    -0.01330    0.20395  
 16.000     0.01886    -0.01602    0.23368  
 17.000     0.02170    -0.01903    0.26485  
 18.000     0.02489    -0.02232    0.29734  
 19.000     0.02845    -0.02590    0.33105  
 20.000     0.03239    -0.02977    0.36586  
 21.000     0.03674    -0.03392    0.40169  
 22.000     0.04152    -0.03835    0.43845  
 23.000     0.04672    -0.04306    0.47605  
 24.000     0.05237    -0.04804    0.51442  
 25.000     0.05848    -0.05330    0.55347  
 26.000     0.06505    -0.05883    0.59315  
 27.000     0.07209    -0.06462    0.63339  
 28.000     0.07960    -0.07068    0.67414  
 29.000     0.08759    -0.07699    0.71533  
 30.000     0.09605    -0.08355    0.75693  
 31.000     0.10500    -0.09037    0.79888  
 32.000     0.11443    -0.09743    0.84114  
 33.000     0.12433    -0.10473    0.88368  
 34.000     0.13472    -0.11226    0.92645  
 35.000     0.14558    -0.12003    0.96942  
 36.000     0.15691    -0.12802    1.01255  
 37.000     0.16871    -0.13624    1.05583  
 38.000     0.18097    -0.14468    1.09922  
 39.000     0.19369    -0.15333    1.14269  
 40.000     0.20687    -0.16219    1.18623  
 41.000     0.22050    -0.17125    1.22981  
 42.000     0.23456    -0.18052    1.27341  
 43.000     0.24907    -0.18999    1.31701  
 44.000     0.26400    -0.19965    1.36060  
 45.000     0.27935    -0.20950    1.40415  
 46.000     0.29512    -0.21954    1.44766  
 47.000     0.31130    -0.22976    1.49110  
 48.000     0.32787    -0.24016    1.53447  
 49.000     0.34484    -0.25073    1.57776  
 50.000     0.36219    -0.26147    1.62094  
 51.000     0.37992    -0.27239    1.66402  
 52.000     0.39801    -0.28346    1.70698  
 53.000     0.41647    -0.29470    1.74981  
 54.000     0.43527    -0.30609    1.79250  
 55.000     0.45442    -0.31764    1.83505  
 56.000     0.47390    -0.32934    1.87745  
 57.000     0.49371    -0.34119    1.91969  
 58.000     0.51384    -0.35318    1.96177  
 59.000     0.53427    -0.36531    2.00367  
 60.000     0.55501    -0.37758    2.04541  
 61.000     0.57604    -0.38998    2.08696  
 62.000     0.59736    -0.40252    2.12832  
 63.000     0.61895    -0.41518    2.16950  
 64.000     0.64081    -0.42798    2.21049  
 65.000     0.66293    -0.44089    2.25127  
 66.000     0.68530    -0.45393    2.29186  
 67.000     0.70791    -0.46708    2.33225  
 68.000     0.73076    -0.48035    2.37243  
 69.000     0.75384    -0.49374    2.41240  
 70.000     0.77714    -0.50723    2.45216  
 71.000     0.80065    -0.52083    2.49171  
 72.000     0.82436    -0.53453    2.53104  
 73.000     0.84828    -0.54834    2.57015  
 74.000     0.87238    -0.56225    2.60905  
 75.000     0.89666    -0.57626    2.64773  
 76.000     0.92112    -0.59036    2.68619  
 77.000     0.94574    -0.60456    2.72443  
 78.000     0.97052    -0.61884    2.76244  
 79.000     0.99546    -0.63322    2.80023  
 80.000     1.02054    -0.64768    2.83780  
 81.000     1.04576    -0.66222    2.87514  
 82.000     1.07112    -0.67685    2.91226  
 83.000     1.09660    -0.69156    2.94915  
 84.000     1.12219    -0.70635    2.98581  
 85.000     1.14790    -0.72121    3.02225  
 86.000     1.17372    -0.73615    3.05847  
 87.000     1.19963    -0.75116    3.09445  
 88.000     1.22564    -0.76624    3.13021  
 89.000     1.25174    -0.78139    3.16575  
 90.000     1.27791    -0.79660    3.20106  
 91.000     1.30416    -0.81189    3.23614  
 92.000     1.33048    -0.82723    3.27100  
 93.000     1.35687    -0.84263    3.30563  
 94.000     1.38331    -0.85810    3.34004  
 95.000     1.40980    -0.87362    3.37422  
 96.000     1.43635    -0.88920    3.40819  
 97.000     1.46293    -0.90483    3.44192  
 98.000     1.48955    -0.92051    3.47544  
 99.000     1.51620    -0.93625    3.50873  
100.000     1.54287    -0.95203    3.54181  
101.000     1.56957    -0.96787    3.57466  
102.000     1.59628    -0.98375    3.60729  
103.000     1.62301    -0.99967    3.63971  
104.000     1.64974    -1.01564    3.67191  
105.000     1.67647    -1.03165    3.70389  
106.000     1.70320    -1.04770    3.73565  
107.000     1.72993    -1.06379    3.76720  
108.000     1.75664    -1.07991    3.79853  
109.000     1.78333    -1.09607    3.82965  
110.000     1.81001    -1.11227    3.86056  
111.000     1.83667    -1.12850    3.89126  
112.000     1.86329    -1.14476    3.92175  
113.000     1.88989    -1.16106    3.95202  
114.000     1.91645    -1.17738    3.98209  
115.000     1.94296    -1.19373    4.01195  
116.000     1.96944    -1.21010    4.04161  
117.000     1.99587    -1.22651    4.07106  
118.000     2.02225    -1.24293    4.10030  
119.000     2.04858    -1.25938    4.12935  
120.000     2.07485    -1.27585    4.15819  
121.000     2.10106    -1.29235    4.18683  
122.000     2.12721    -1.30886    4.21527  
123.000     2.15329    -1.32539    4.24351  
124.000     2.17930    -1.34193    4.27156  
125.000     2.20524    -1.35850    4.29941  
126.000     2.23111    -1.37507    4.32706  
127.000     2.25689    -1.39167    4.35452  
128.000     2.28260    -1.40827    4.38179  
129.000     2.30822    -1.42489    4.40886  
130.000     2.33376    -1.44151    4.43575  
131.000     2.35921    -1.45815    4.46245  
132.000     2.38456    -1.47479    4.48896  
133.000     2.40983    -1.49144    4.51528  
134.000     2.43500    -1.50810    4.54141  
135.000     2.46006    -1.52477    4.56737  
136.000     2.48503    -1.54144    4.59314  
137.000     2.50990    -1.55811    4.61872  
138.000     2.53466    -1.57478    4.64413  
139.000     2.55932    -1.59146    4.66936  
140.000     2.58387    -1.60814    4.69441  
141.000     2.60830    -1.62481    4.71928  
142.000     2.63263    -1.64149    4.74397  
143.000     2.65684    -1.65816    4.76849  
144.000     2.68093    -1.67484    4.79284  
145.000     2.70491    -1.69150    4.81702  
146.000     2.72877    -1.70817    4.84102  
147.000     2.75250    -1.72482    4.86486  
148.000     2.77612    -1.74148    4.88852  
149.000     2.79961    -1.75812    4.91202  
150.000     2.82298    -1.77476    4.93535  
151.000     2.84621    -1.79139    4.95852  
152.000     2.86932    -1.80800    4.98152  
153.000     2.89231    -1.82461    5.00436  
154.000     2.91516    -1.84121    5.02704  
155.000     2.93788    -1.85780    5.04956  
156.000     2.96046    -1.87437    5.07192  
157.000     2.98291    -1.89093    5.09412  
158.000     3.00523    -1.90748    5.11616  
159.000     3.02741    -1.92401    5.13805  
160.000     3.04946    -1.94052    5.15979  
161.000     3.07136    -1.95702    5.18137  
162.000     3.09313    -1.97351    5.20279  
163.000     3.11476    -1.98997    5.22407  
164.000     3.13625    -2.00642    5.24520  
165.000     3.15759    -2.02285    5.26618  
166.000     3.17880    -2.03926    5.28701  
167.000     3.19986    -2.05565    5.30769  
168.000     3.22078    -2.07202    5.32823  
169.000     3.24155    -2.08837    5.34863  
170.000     3.26218    -2.10469    5.36888  
171.000     3.28266    -2.12100    5.38899  
172.000     3.30300    -2.13728    5.40896  
173.000     3.32319    -2.15353    5.42878  
174.000     3.34324    -2.16976    5.44847  
175.000     3.36314    -2.18597    5.46803  
176.000     3.38289    -2.20215    5.48744  
177.000     3.40250    -2.21831    5.50672  
178.000     3.42195    -2.23444    5.52587  
179.000     3.44126    -2.25054    5.54488  
180.000     3.46042    -2.26661    5.56376  
181.000     3.47943    -2.28266    5.58251  
182.000     3.49829    -2.29867    5.60113  
183.000     3.51700    -2.31466    5.61961  
184.000     3.53556    -2.33062    5.63798  
185.000     3.55398    -2.34654    5.65621  
186.000     3.57224    -2.36244    5.67432  
187.000     3.59035    -2.37830    5.69230  
188.000     3.60832    -2.39414    5.71016  
189.000     3.62613    -2.40994    5.72789  
190.000     3.64380    -2.42570    5.74551  
191.000     3.66131    -2.44144    5.76300  
192.000     3.67868    -2.45714    5.78037  
193.000     3.69589    -2.47280    5.79763  
194.000     3.71296    -2.48844    5.81476  
195.000     3.72987    -2.50403    5.83178  
196.000     3.74664    -2.51959    5.84868  
197.000     3.76326    -2.53512    5.86547  
198.000     3.77972    -2.55061    5.88214  
199.000     3.79604    -2.56606    5.89870  
200.000     3.81222    -2.58147    5.91515  
201.000     3.82824    -2.59685    5.93148  
202.000     3.84411    -2.61219    5.94771  
203.000     3.85984    -2.62749    5.96382  
204.000     3.87542    -2.64275    5.97983  
205.000     3.89085    -2.65797    5.99573  
206.000     3.90613    -2.67315    6.01152  
207.000     3.92127    -2.68830    6.02721  
208.000     3.93626    -2.70340    6.04279  
209.000     3.95111    -2.71846    6.05827  
210.000     3.96581    -2.73348    6.07364  
211.000     3.98036    -2.74846    6.08891  
212.000     3.99477    -2.76339    6.10408  
213.000     4.00903    -2.77829    6.11915  
214.000     4.02315    -2.79314    6.13412  
215.000     4.03713    -2.80795    6.14899  
216.000     4.05097    -2.82271    6.16376  
217.000     4.06466    -2.83744    6.17844  
218.000     4.07821    -2.85211    6.19302  
219.000     4.09161    -2.86675    6.20750  
220.000     4.10488    -2.88134    6.22189  
221.000     4.11800    -2.89588    6.23618  
222.000     4.13099    -2.91038    6.25038  
223.000     4.14384    -2.92484    6.26449  
224.000     4.15654    -2.93924    6.27851  
225.000     4.16911    -2.95361    6.29243  
226.000     4.18154    -2.96792    6.30627  
227.000     4.19383    -2.98219    6.32001  
228.000     4.20599    -2.99641    6.33367  
229.000     4.21801    -3.01059    6.34724  
230.000     4.22989    -3.02472    6.36073  
231.000     4.24164    -3.03880    6.37412  
232.000     4.25325    -3.05283    6.38743  
233.000     4.26473    -3.06681    6.40066  
234.000     4.27608    -3.08075    6.41380  
235.000     4.28729    -3.09464    6.42686  
236.000     4.29837    -3.10847    6.43984  
237.000     4.30933    -3.12226    6.45274  
238.000     4.32015    -3.13600    6.46555  
239.000     4.33084    -3.14969    6.47828  
240.000     4.34140    -3.16333    6.49094  
241.000     4.35183    -3.17692    6.50351  
242.000     4.36213    -3.19045    6.51601  
243.000     4.37231    -3.20394    6.52843  
244.000     4.38236    -3.21738    6.54077  
245.000     4.39229    -3.23076    6.55304  
246.000     4.40209    -3.24409    6.56523  
247.000     4.41176    -3.25738    6.57734  
248.000     4.42131    -3.27061    6.58938  
249.000     4.43074    -3.28378    6.60135  
250.000     4.44005    -3.29691    6.61325  
251.000     4.44923    -3.30998    6.62507  
252.000     4.45829    -3.32300    6.63682  
253.000     4.46724    -3.33597    6.64850  
254.000     4.47606    -3.34889    6.66011  
255.000     4.48476    -3.36175    6.67165  
256.000     4.49335    -3.37455    6.68312  
257.000     4.50182    -3.38731    6.69452  
258.000     4.51017    -3.40001    6.70585  
259.000     4.51841    -3.41265    6.71712  
260.000     4.52653    -3.42525    6.72832  
261.000     4.53454    -3.43778    6.73945  
262.000     4.54243    -3.45027    6.75052  
263.000     4.55021    -3.46269    6.76152  
264.000     4.55788    -3.47507    6.77246  
265.000     4.56544    -3.48738    6.78334  
266.000     4.57289    -3.49965    6.79415  
267.000     4.58023    -3.51185    6.80490  
268.000     4.58746    -3.52401    6.81559  
269.000     4.59458    -3.53610    6.82621  
270.000     4.60159    -3.54814    6.83677  
271.000     4.60850    -3.56012    6.84728  
272.000     4.61530    -3.57205    6.85772  
273.000     4.62199    -3.58392    6.86811  
274.000     4.62858    -3.59574    6.87843  
275.000     4.63507    -3.60749    6.88870  
276.000     4.64145    -3.61920    6.89891  
277.000     4.64774    -3.63084    6.90906  
278.000     4.65392    -3.64243    6.91915  
279.000     4.66000    -3.65395    6.92919  
280.000     4.66598    -3.66543    6.93918  
281.000     4.67186    -3.67684    6.94910  
282.000     4.67764    -3.68820    6.95898  
283.000     4.68333    -3.69950    6.96880  
284.000     4.68892    -3.71074    6.97856  
285.000     4.69441    -3.72192    6.98827  
286.000     4.69981    -3.73304    6.99793  
287.000     4.70511    -3.74411    7.00754  
288.000     4.71032    -3.75512    7.01709  
289.000     4.71543    -3.76607    7.02659  
290.000     4.72046    -3.77696    7.03605  
291.000     4.72539    -3.78779    7.04545  
292.000     4.73023    -3.79856    7.05480  
293.000     4.73499    -3.80927    7.06410  
294.000     4.73965    -3.81993    7.07335  
295.000     4.74422    -3.83052    7.08256  
296.000     4.74871    -3.84106    7.09172  
297.000     4.75311    -3.85153    7.10082  
298.000     4.75742    -3.86195    7.10988  
299.000     4.76165    -3.87230    7.11890  
300.000     4.76579    -3.88260    7.12787  