 1.000    -0.00000    -0.00000   0.00000  
  2.000    -0.00000   -0.00000    0.00000  
  3.000    -0.00000   -0.00000    0.00001  
  4.000    -0.00001   -0.00000    0.00004  
  5.000    -0.00002   -0.00000    0.00010  
  6.000    -0.00004   -0.00000    0.00022  
  7.000    -0.00008   -0.00001    0.00043  
  8.000    -0.00015   -0.00002    0.00074  
  9.000    -0.00023   -0.00004    0.00118  
 10.000    -0.00036   -0.00006    0.00177  
 11.000    -0.00052   -0.00009    0.00253  
 12.000    -0.00072   -0.00013    0.00349  
 13.000    -0.00096   -0.00019    0.00464  
 14.000    -0.00126   -0.00026    0.00601  
 15.000    -0.00161   -0.00035    0.00761  
 16.000    -0.00201   -0.00046    0.00945  
 17.000    -0.00247   -0.00059    0.01152  
 18.000    -0.00299   -0.00074    0.01385  
 19.000    -0.00357   -0.00091    0.01642  
 20.000    -0.00421   -0.00111    0.01925  
 21.000    -0.00491   -0.00133    0.02233  
 22.000    -0.00567   -0.00159    0.02567  
 23.000    -0.00650   -0.00187    0.02925  
 24.000    -0.00739   -0.00218    0.03309  
 25.000    -0.00834   -0.00253    0.03717  
 26.000    -0.00935   -0.00290    0.04150  
 27.000    -0.01042   -0.00331    0.04607  
 28.000    -0.01155   -0.00375    0.05087  
 29.000    -0.01274   -0.00423    0.05591  
 30.000    -0.01399   -0.00474    0.06117  
 31.000    -0.01529   -0.00529    0.06665  
 32.000    -0.01665   -0.00587    0.07236  
 33.000    -0.01807   -0.00649    0.07827  
 34.000    -0.01953   -0.00714    0.08439  
 35.000    -0.02105   -0.00783    0.09071  
 36.000    -0.02261   -0.00856    0.09723  
 37.000    -0.02422   -0.00933    0.10393  
 38.000    -0.02588   -0.01013    0.11083  
 39.000    -0.02758   -0.01097    0.11790  
 40.000    -0.02933   -0.01185    0.12514  
 41.000    -0.03111   -0.01276    0.13255  
 42.000    -0.03294   -0.01372    0.14013  
 43.000    -0.03480   -0.01471    0.14787  
 44.000    -0.03670   -0.01574    0.15576  
 45.000    -0.03864   -0.01680    0.16379  
 46.000    -0.04060   -0.01790    0.17197  
 47.000    -0.04260   -0.01904    0.18029  
 48.000    -0.04463   -0.02022    0.18875  
 49.000    -0.04669   -0.02143    0.19733  
 50.000    -0.04877   -0.02268    0.20604  
 51.000    -0.05088   -0.02397    0.21487  
 52.000    -0.05301   -0.02529    0.22382  
 53.000    -0.05517   -0.02665    0.23288  
 54.000    -0.05734   -0.02805    0.24205  
 55.000    -0.05954   -0.02948    0.25132  
 56.000    -0.06175   -0.03094    0.26070  
 57.000    -0.06398   -0.03244    0.27017  
 58.000    -0.06622   -0.03398    0.27974  
 59.000    -0.06848   -0.03555    0.28940  
 60.000    -0.07075   -0.03715    0.29914  
 61.000    -0.07303   -0.03879    0.30897  
 62.000    -0.07532   -0.04047    0.31888  
 63.000    -0.07762   -0.04217    0.32886  
 64.000    -0.07993   -0.04391    0.33892  
 65.000    -0.08225   -0.04568    0.34906  
 66.000    -0.08457   -0.04749    0.35926  
 67.000    -0.08689   -0.04933    0.36952  
 68.000    -0.08922   -0.05119    0.37985  
 69.000    -0.09154   -0.05310    0.39025  
 70.000    -0.09387   -0.05503    0.40069  
 71.000    -0.09620   -0.05699    0.41120  
 72.000    -0.09853   -0.05899    0.42176  
 73.000    -0.10085   -0.06101    0.43237  
 74.000    -0.10317   -0.06307    0.44303  
 75.000    -0.10549   -0.06515    0.45373  
 76.000    -0.10780   -0.06727    0.46448  
 77.000    -0.11011   -0.06941    0.47528  
 78.000    -0.11241   -0.07159    0.48611  
 79.000    -0.11470   -0.07379    0.49699  
 80.000    -0.11698   -0.07602    0.50790  
 81.000    -0.11926   -0.07828    0.51884  
 82.000    -0.12152   -0.08056    0.52982  
 83.000    -0.12377   -0.08288    0.54083  
 84.000    -0.12601   -0.08522    0.55187  
 85.000    -0.12824   -0.08759    0.56294  
 86.000    -0.13046   -0.08998    0.57404  
 87.000    -0.13266   -0.09241    0.58516  
 88.000    -0.13485   -0.09486    0.59631  
 89.000    -0.13702   -0.09733    0.60748  
 90.000    -0.13917   -0.09983    0.61867  
 91.000    -0.14131   -0.10235    0.62988  
 92.000    -0.14343   -0.10491    0.64111  
 93.000    -0.14554   -0.10748    0.65236  
 94.000    -0.14762   -0.11008    0.66362  
 95.000    -0.14969   -0.11270    0.67490  
 96.000    -0.15174   -0.11535    0.68619  
 97.000    -0.15377   -0.11802    0.69750  
 98.000    -0.15577   -0.12072    0.70882  
 99.000    -0.15776   -0.12344    0.72015  
100.000    -0.15973   -0.12618    0.73148  
101.000    -0.16167   -0.12894    0.74283  
102.000    -0.16359   -0.13173    0.75419  
103.000    -0.16549   -0.13454    0.76555  
104.000    -0.16736   -0.13737    0.77692  
105.000    -0.16921   -0.14022    0.78830  
106.000    -0.17104   -0.14309    0.79968  
107.000    -0.17284   -0.14599    0.81106  
108.000    -0.17462   -0.14891    0.82244  
109.000    -0.17637   -0.15184    0.83383  
110.000    -0.17810   -0.15480    0.84522  
111.000    -0.17980   -0.15778    0.85661  
112.000    -0.18147   -0.16078    0.86800  
113.000    -0.18312   -0.16379    0.87939  
114.000    -0.18474   -0.16683    0.89078  
115.000    -0.18633   -0.16989    0.90217  
116.000    -0.18790   -0.17296    0.91355  
117.000    -0.18944   -0.17606    0.92493  
118.000    -0.19095   -0.17917    0.93631  
119.000    -0.19243   -0.18230    0.94769  
120.000    -0.19388   -0.18545    0.95905  
121.000    -0.19531   -0.18862    0.97042  
122.000    -0.19670   -0.19180    0.98177  
123.000    -0.19806   -0.19501    0.99312  
124.000    -0.19940   -0.19823    1.00447  
125.000    -0.20071   -0.20147    1.01581  
126.000    -0.20198   -0.20472    1.02713  
127.000    -0.20323   -0.20799    1.03846  
128.000    -0.20444   -0.21128    1.04977  
129.000    -0.20562   -0.21459    1.06107  
130.000    -0.20678   -0.21791    1.07236  
131.000    -0.20790   -0.22125    1.08365  
132.000    -0.20899   -0.22460    1.09492  
133.000    -0.21005   -0.22797    1.10619  
134.000    -0.21108   -0.23135    1.11744  
135.000    -0.21207   -0.23475    1.12868  
136.000    -0.21304   -0.23817    1.13991  
137.000    -0.21397   -0.24160    1.15113  
138.000    -0.21487   -0.24504    1.16233  
139.000    -0.21574   -0.24850    1.17352  
140.000    -0.21657   -0.25197    1.18470  
141.000    -0.21738   -0.25546    1.19587  
142.000    -0.21815   -0.25896    1.20702  
143.000    -0.21889   -0.26248    1.21816  
144.000    -0.21959   -0.26601    1.22929  
145.000    -0.22026   -0.26955    1.24040  
146.000    -0.22090   -0.27310    1.25150  
147.000    -0.22151   -0.27667    1.26258  
148.000    -0.22208   -0.28025    1.27364  
149.000    -0.22263   -0.28385    1.28470  
150.000    -0.22313   -0.28746    1.29573  
151.000    -0.22361   -0.29108    1.30675  
152.000    -0.22405   -0.29471    1.31776  
153.000    -0.22446   -0.29835    1.32875  
154.000    -0.22483   -0.30201    1.33972  
155.000    -0.22517   -0.30568    1.35068  
156.000    -0.22548   -0.30936    1.36162  
157.000    -0.22575   -0.31305    1.37254  
158.000    -0.22599   -0.31676    1.38345  
159.000    -0.22620   -0.32047    1.39434  
160.000    -0.22637   -0.32420    1.40521  
161.000    -0.22651   -0.32793    1.41606  
162.000    -0.22662   -0.33168    1.42690  
163.000    -0.22669   -0.33544    1.43772  
164.000    -0.22673   -0.33921    1.44852  
165.000    -0.22673   -0.34299    1.45930  
166.000    -0.22670   -0.34678    1.47007  
167.000    -0.22664   -0.35058    1.48082  
168.000    -0.22654   -0.35439    1.49155  
169.000    -0.22641   -0.35821    1.50226  
170.000    -0.22625   -0.36204    1.51295  
171.000    -0.22605   -0.36588    1.52362  
172.000    -0.22582   -0.36973    1.53427  
173.000    -0.22556   -0.37359    1.54491  
174.000    -0.22526   -0.37745    1.55553  
175.000    -0.22493   -0.38133    1.56612  
176.000    -0.22456   -0.38521    1.57670  
177.000    -0.22417   -0.38911    1.58726  
178.000    -0.22373   -0.39301    1.59780  
179.000    -0.22327   -0.39692    1.60832  
180.000    -0.22277   -0.40085    1.61882  
181.000    -0.22224   -0.40477    1.62930  
182.000    -0.22167   -0.40871    1.63976  
183.000    -0.22107   -0.41266    1.65020  
184.000    -0.22044   -0.41661    1.66063  
185.000    -0.21978   -0.42057    1.67103  
186.000    -0.21908   -0.42454    1.68141  
187.000    -0.21835   -0.42852    1.69177  
188.000    -0.21759   -0.43250    1.70211  
189.000    -0.21679   -0.43649    1.71244  
190.000    -0.21596   -0.44049    1.72274  
191.000    -0.21510   -0.44450    1.73302  
192.000    -0.21420   -0.44851    1.74328  
193.000    -0.21327   -0.45253    1.75352  
194.000    -0.21231   -0.45656    1.76374  
195.000    -0.21132   -0.46059    1.77394  
196.000    -0.21029   -0.46463    1.78412  
197.000    -0.20924   -0.46868    1.79428  
198.000    -0.20815   -0.47273    1.80442  
199.000    -0.20702   -0.47679    1.81453  
200.000    -0.20587   -0.48086    1.82463  
201.000    -0.20468   -0.48493    1.83471  
202.000    -0.20346   -0.48901    1.84476  
203.000    -0.20221   -0.49310    1.85480  
204.000    -0.20093   -0.49719    1.86481  
205.000    -0.19961   -0.50128    1.87480  
206.000    -0.19827   -0.50538    1.88478  
207.000    -0.19689   -0.50949    1.89473  
208.000    -0.19548   -0.51360    1.90466  
209.000    -0.19404   -0.51772    1.91457  
210.000    -0.19257   -0.52185    1.92446  
211.000    -0.19106   -0.52598    1.93433  
212.000    -0.18953   -0.53011    1.94418  
213.000    -0.18796   -0.53425    1.95400  
214.000    -0.18637   -0.53839    1.96381  
215.000    -0.18474   -0.54254    1.97359  
216.000    -0.18308   -0.54669    1.98336  
217.000    -0.18139   -0.55085    1.99310  
218.000    -0.17967   -0.55502    2.00282  
219.000    -0.17792   -0.55918    2.01252  
220.000    -0.17614   -0.56335    2.02220  
221.000    -0.17433   -0.56753    2.03186  
222.000    -0.17249   -0.57171    2.04150  
223.000    -0.17061   -0.57590    2.05112  
224.000    -0.16871   -0.58008    2.06071  
225.000    -0.16678   -0.58428    2.07029  
226.000    -0.16482   -0.58847    2.07984  
227.000    -0.16283   -0.59267    2.08937  
228.000    -0.16081   -0.59688    2.09888  
229.000    -0.15876   -0.60108    2.10838  
230.000    -0.15668   -0.60529    2.11784  
231.000    -0.15457   -0.60951    2.12729  
232.000    -0.15243   -0.61373    2.13672  
233.000    -0.15026   -0.61795    2.14613  
234.000    -0.14807   -0.62217    2.15551  
235.000    -0.14584   -0.62640    2.16488  
236.000    -0.14359   -0.63063    2.17422  
237.000    -0.14130   -0.63486    2.18354  
238.000    -0.13899   -0.63910    2.19285  
239.000    -0.13665   -0.64334    2.20213  
240.000    -0.13429   -0.64758    2.21139  
241.000    -0.13189   -0.65183    2.22063  
242.000    -0.12946   -0.65608    2.22984  
243.000    -0.12701   -0.66033    2.23904  
244.000    -0.12453   -0.66458    2.24822  
245.000    -0.12202   -0.66883    2.25737  
246.000    -0.11949   -0.67309    2.26651  
247.000    -0.11692   -0.67735    2.27562  
248.000    -0.11433   -0.68161    2.28471  
249.000    -0.11172   -0.68588    2.29378  
250.000    -0.10907   -0.69015    2.30284  
251.000    -0.10640   -0.69441    2.31187  
252.000    -0.10370   -0.69868    2.32087  
253.000    -0.10097   -0.70296    2.32986  
254.000    -0.09822   -0.70723    2.33883  
255.000    -0.09544   -0.71151    2.34778  
256.000    -0.09263   -0.71578    2.35670  
257.000    -0.08980   -0.72006    2.36561  
258.000    -0.08694   -0.72434    2.37449  
259.000    -0.08405   -0.72863    2.38336  
260.000    -0.08114   -0.73291    2.39220  
261.000    -0.07821   -0.73720    2.40102  
262.000    -0.07524   -0.74148    2.40983  
263.000    -0.07225   -0.74577    2.41861  
264.000    -0.06924   -0.75006    2.42737  
265.000    -0.06620   -0.75435    2.43611  
266.000    -0.06313   -0.75864    2.44483  
267.000    -0.06004   -0.76293    2.45353  
268.000    -0.05693   -0.76722    2.46221  
269.000    -0.05379   -0.77152    2.47087  
270.000    -0.05062   -0.77581    2.47950  
271.000    -0.04743   -0.78011    2.48812  
272.000    -0.04421   -0.78440    2.49672  
273.000    -0.04097   -0.78870    2.50529  
274.000    -0.03771   -0.79300    2.51385  
275.000    -0.03442   -0.79729    2.52239  
276.000    -0.03111   -0.80159    2.53090  
277.000    -0.02777   -0.80589    2.53940  
278.000    -0.02441   -0.81019    2.54787  
279.000    -0.02102   -0.81449    2.55633  
280.000    -0.01761   -0.81879    2.56476  
281.000    -0.01418   -0.82309    2.57317  
282.000    -0.01072   -0.82739    2.58157  
283.000    -0.00724   -0.83169    2.58994  
284.000    -0.00374   -0.83599    2.59830  
285.000    -0.00022   -0.84029    2.60663  
286.000     0.00333   -0.84459    2.61494  
287.000     0.00691   -0.84889    2.62324  
288.000     0.01050   -0.85319    2.63151  
289.000     0.01412   -0.85749    2.63976  
290.000     0.01776   -0.86179    2.64800  
291.000     0.02142   -0.86609    2.65621  
292.000     0.02511   -0.87038    2.66440  
293.000     0.02882   -0.87468    2.67258  
294.000     0.03255   -0.87898    2.68073  
295.000     0.03630   -0.88328    2.68886  
296.000     0.04007   -0.88757    2.69698  
297.000     0.04387   -0.89187    2.70507  
298.000     0.04768   -0.89616    2.71315  
299.000     0.05152   -0.90046    2.72120  
300.000     0.05538  -0.90475    2.72924  