1.0            0.11490    
2.0            0.11360    
3.0            0.11333    
4.0            0.11320    
5.0            0.11310    
6.0            0.11301    
7.0            0.11292    
8.0            0.11282    
9.0            0.11271    
10.0           0.11258    
11.0           0.11245    
12.0           0.11230    
13.0           0.11215    
14.0           0.11198    
15.0           0.11180    
16.0           0.11161    
17.0           0.11141    
18.0           0.11120    
19.0           0.11097    
20.0           0.11074    
21.0           0.11049    
22.0           0.11024    
23.0           0.10997    
24.0           0.10970    
25.0           0.10941    
26.0           0.10912    
27.0           0.10881    
28.0           0.10850    
29.0           0.10818    
30.0           0.10785    
31.0           0.10751    
32.0           0.10716    
33.0           0.10681    
34.0           0.10645    
35.0           0.10608    
36.0           0.10570    
37.0           0.10532    
38.0           0.10493    
39.0           0.10453    
40.0           0.10413    
41.0           0.10372    
42.0           0.10331    
43.0           0.10290    
44.0           0.10247    
45.0           0.10205    
46.0           0.10162    
47.0           0.10118    
48.0           0.10075    
49.0           0.10031    
50.0           0.09986    
51.0           0.09942    
52.0           0.09897    
53.0           0.09852    
54.0           0.09807    
55.0           0.09761    
56.0           0.09716    
57.0           0.09670    
58.0           0.09624    
59.0           0.09578    
60.0           0.09533    
61.0           0.09487    
62.0           0.09441    
63.0           0.09395    
64.0           0.09349    
65.0           0.09303    
66.0           0.09257    
67.0           0.09211    
68.0           0.09166    
69.0           0.09120    
70.0           0.09075    
71.0           0.09029    
72.0           0.08984    
73.0           0.08939    
74.0           0.08894    
75.0           0.08849    
76.0           0.08804    
77.0           0.08760    
78.0           0.08715    
79.0           0.08671    
80.0           0.08627    
81.0           0.08583    
82.0           0.08539    
83.0           0.08495    
84.0           0.08452    
85.0           0.08408    
86.0           0.08365    
87.0           0.08321    
88.0           0.08278    
89.0           0.08235    
90.0           0.08192    
91.0           0.08149    
92.0           0.08106    
93.0           0.08063    
94.0           0.08020    
95.0           0.07977    
96.0           0.07934    
97.0           0.07891    
98.0           0.07848    
99.0           0.07805    
100.0          0.07762    
101.0          0.07718    
102.0          0.07675    
103.0          0.07631    
104.0          0.07588    
105.0          0.07544    
106.0          0.07500    
107.0          0.07455    
108.0          0.07411    
109.0          0.07366    
110.0          0.07321    
111.0          0.07276    
112.0          0.07231    
113.0          0.07185    
114.0          0.07139    
115.0          0.07093    
116.0          0.07047    
117.0          0.07000    
118.0          0.06953    
119.0          0.06905    
120.0          0.06858    
121.0          0.06810    
122.0          0.06761    
123.0          0.06713    
124.0          0.06664    
125.0          0.06615    
126.0          0.06566    
127.0          0.06516    
128.0          0.06466    
129.0          0.06416    
130.0          0.06366    
131.0          0.06316    
132.0          0.06265    
133.0          0.06215    
134.0          0.06164    
135.0          0.06114    
136.0          0.06063    
137.0          0.06012    
138.0          0.05962    
139.0          0.05911    
140.0          0.05861    
141.0          0.05811    
142.0          0.05761    
143.0          0.05711    
144.0          0.05662    
145.0          0.05613    
146.0          0.05565    
147.0          0.05517    
148.0          0.05470    
149.0          0.05423    
150.0          0.05378    
151.0          0.05332    
152.0          0.05288    
153.0          0.05244    
154.0          0.05202    
155.0          0.05160    
156.0          0.05120    
157.0          0.05080    
158.0          0.05042    
159.0          0.05005    
160.0          0.04969    
161.0          0.04935    
162.0          0.04902    
163.0          0.04870    
164.0          0.04840    
165.0          0.04811    
166.0          0.04785    
167.0          0.04759    
168.0          0.04736    
169.0          0.04714    
170.0          0.04694    
171.0          0.04675    
172.0          0.04659    
173.0          0.04644    
174.0          0.04632    
175.0          0.04621    
176.0          0.04612    
177.0          0.04605    
178.0          0.04600    
179.0          0.04597    
180.0          0.04596 