1.0            0.29124    
2.0            0.28714    
3.0            0.28690    
4.0            0.28742    
5.0            0.28832    
6.0            0.28951    
7.0            0.29094    
8.0            0.29259    
9.0            0.29444    
10.0           0.29649    
11.0           0.29871    
12.0           0.30110    
13.0           0.30365    
14.0           0.30634    
15.0           0.30915    
16.0           0.31209    
17.0           0.31512    
18.0           0.31824    
19.0           0.32144    
20.0           0.32470    
21.0           0.32801    
22.0           0.33136    
23.0           0.33473    
24.0           0.33811    
25.0           0.34150    
26.0           0.34487    
27.0           0.34823    
28.0           0.35156    
29.0           0.35484    
30.0           0.35808    
31.0           0.36127    
32.0           0.36439    
33.0           0.36745    
34.0           0.37043    
35.0           0.37333    
36.0           0.37615    
37.0           0.37888    
38.0           0.38152    
39.0           0.38406    
40.0           0.38651    
41.0           0.38886    
42.0           0.39110    
43.0           0.39325    
44.0           0.39529    
45.0           0.39723    
46.0           0.39906    
47.0           0.40079    
48.0           0.40242    
49.0           0.40395    
50.0           0.40537    
51.0           0.40670    
52.0           0.40793    
53.0           0.40906    
54.0           0.41010    
55.0           0.41104    
56.0           0.41190    
57.0           0.41267    
58.0           0.41335    
59.0           0.41395    
60.0           0.41447    
61.0           0.41491    
62.0           0.41528    
63.0           0.41558    
64.0           0.41580    
65.0           0.41596    
66.0           0.41606    
67.0           0.41609    
68.0           0.41607    
69.0           0.41598    
70.0           0.41585    
71.0           0.41566    
72.0           0.41542    
73.0           0.41514    
74.0           0.41480    
75.0           0.41443    
76.0           0.41401    
77.0           0.41355    
78.0           0.41305    
79.0           0.41250    
80.0           0.41192    
81.0           0.41129    
82.0           0.41063    
83.0           0.40992    
84.0           0.40918    
85.0           0.40838    
86.0           0.40755    
87.0           0.40667    
88.0           0.40573    
89.0           0.40475    
90.0           0.40371    
91.0           0.40261    
92.0           0.40146    
93.0           0.40023    
94.0           0.39894    
95.0           0.39757    
96.0           0.39612    
97.0           0.39458    
98.0           0.39295    
99.0           0.39123    
100.0          0.38940    
101.0          0.38746    
102.0          0.38541    
103.0          0.38323    
104.0          0.38091    
105.0          0.37846    
106.0          0.37586    
107.0          0.37311    
108.0          0.37019    
109.0          0.36709    
110.0          0.36382    
111.0          0.36035    
112.0          0.35669    
113.0          0.35282    
114.0          0.34873    
115.0          0.34442    
116.0          0.33987    
117.0          0.33508    
118.0          0.33003    
119.0          0.32473    
120.0          0.31915    
121.0          0.31330    
122.0          0.30716    
123.0          0.30072    
124.0          0.29399    
125.0          0.28695    
126.0          0.27960    
127.0          0.27193    
128.0          0.26394    
129.0          0.25562    
130.0          0.24697    
131.0          0.23799    
132.0          0.22869    
133.0          0.21905    
134.0          0.20909    
135.0          0.19880    
136.0          0.18819    
137.0          0.17728    
138.0          0.16606    
139.0          0.15456    
140.0          0.14277    
141.0          0.13073    
142.0          0.11844    
143.0          0.10592    
144.0          0.09320    
145.0          0.08030    
146.0          0.06725    
147.0          0.05407    
148.0          0.04079    
149.0          0.02744    
150.0          0.01406    
151.0          0.00069    
152.0         -0.01265    
153.0         -0.02592    
154.0         -0.03907    
155.0         -0.05208    
156.0         -0.06489    
157.0         -0.07749    
158.0         -0.08982    
159.0         -0.10186    
160.0         -0.11356    
161.0         -0.12489    
162.0         -0.13582    
163.0         -0.14632    
164.0         -0.15636    
165.0         -0.16591    
166.0         -0.17495    
167.0         -0.18346    
168.0         -0.19140    
169.0         -0.19877    
170.0         -0.20555    
171.0         -0.21172    
172.0         -0.21728    
173.0         -0.22220    
174.0         -0.22648    
175.0         -0.23012    
176.0         -0.23310    
177.0         -0.23543    
178.0         -0.23709    
179.0         -0.23809    
180.0         -0.23842  