1.0            0.02784    
2.0            0.02792    
3.0            0.02799    
4.0            0.02808    
5.0            0.02819    
6.0            0.02833    
7.0            0.02849    
8.0            0.02867    
9.0            0.02888    
10.0           0.02911    
11.0           0.02937    
12.0           0.02965    
13.0           0.02995    
14.0           0.03027    
15.0           0.03061    
16.0           0.03097    
17.0           0.03136    
18.0           0.03176    
19.0           0.03219    
20.0           0.03263    
21.0           0.03309    
22.0           0.03357    
23.0           0.03406    
24.0           0.03457    
25.0           0.03510    
26.0           0.03564    
27.0           0.03619    
28.0           0.03675    
29.0           0.03733    
30.0           0.03791    
31.0           0.03851    
32.0           0.03911    
33.0           0.03972    
34.0           0.04034    
35.0           0.04096    
36.0           0.04159    
37.0           0.04222    
38.0           0.04285    
39.0           0.04348    
40.0           0.04411    
41.0           0.04474    
42.0           0.04536    
43.0           0.04598    
44.0           0.04660    
45.0           0.04720    
46.0           0.04780    
47.0           0.04839    
48.0           0.04897    
49.0           0.04953    
50.0           0.05008    
51.0           0.05062    
52.0           0.05114    
53.0           0.05164    
54.0           0.05213    
55.0           0.05259    
56.0           0.05303    
57.0           0.05345    
58.0           0.05384    
59.0           0.05421    
60.0           0.05455    
61.0           0.05486    
62.0           0.05515    
63.0           0.05540    
64.0           0.05562    
65.0           0.05581    
66.0           0.05596    
67.0           0.05608    
68.0           0.05617    
69.0           0.05621    
70.0           0.05622    
71.0           0.05619    
72.0           0.05612    
73.0           0.05601    
74.0           0.05586    
75.0           0.05566    
76.0           0.05543    
77.0           0.05515    
78.0           0.05482    
79.0           0.05445    
80.0           0.05404    
81.0           0.05358    
82.0           0.05307    
83.0           0.05252    
84.0           0.05192    
85.0           0.05128    
86.0           0.05059    
87.0           0.04985    
88.0           0.04906    
89.0           0.04823    
90.0           0.04735    
91.0           0.04643    
92.0           0.04546    
93.0           0.04444    
94.0           0.04338    
95.0           0.04227    
96.0           0.04112    
97.0           0.03993    
98.0           0.03869    
99.0           0.03742    
100.0          0.03609    
101.0          0.03473    
102.0          0.03333    
103.0          0.03189    
104.0          0.03042    
105.0          0.02890    
106.0          0.02735    
107.0          0.02577    
108.0          0.02416    
109.0          0.02251    
110.0          0.02083    
111.0          0.01912    
112.0          0.01739    
113.0          0.01563    
114.0          0.01384    
115.0          0.01203    
116.0          0.01021    
117.0          0.00836    
118.0          0.00649    
119.0          0.00461    
120.0          0.00271    
121.0          0.00080    
122.0         -0.00113    
123.0         -0.00306    
124.0         -0.00500    
125.0         -0.00694    
126.0         -0.00889    
127.0         -0.01084    
128.0         -0.01279    
129.0         -0.01474    
130.0         -0.01669    
131.0         -0.01863    
132.0         -0.02056    
133.0         -0.02249    
134.0         -0.02440    
135.0         -0.02630    
136.0         -0.02819    
137.0         -0.03007    
138.0         -0.03192    
139.0         -0.03375    
140.0         -0.03557    
141.0         -0.03736    
142.0         -0.03913    
143.0         -0.04087    
144.0         -0.04258    
145.0         -0.04427    
146.0         -0.04592    
147.0         -0.04754    
148.0         -0.04913    
149.0         -0.05069    
150.0         -0.05221    
151.0         -0.05369    
152.0         -0.05513    
153.0         -0.05653    
154.0         -0.05789    
155.0         -0.05921    
156.0         -0.06049    
157.0         -0.06172    
158.0         -0.06290    
159.0         -0.06404    
160.0         -0.06514    
161.0         -0.06618    
162.0         -0.06718    
163.0         -0.06812    
164.0         -0.06902    
165.0         -0.06987    
166.0         -0.07066    
167.0         -0.07140    
168.0         -0.07209    
169.0         -0.07272    
170.0         -0.07331    
171.0         -0.07383    
172.0         -0.07431    
173.0         -0.07472    
174.0         -0.07509    
175.0         -0.07540    
176.0         -0.07565    
177.0         -0.07584    
178.0         -0.07598    
179.0         -0.07607    
180.0         -0.07610    
