1.0            0.14991    
2.0            0.14113    
3.0            0.14373    
4.0            0.14963    
5.0            0.15775    
6.0            0.16778    
7.0            0.17954    
8.0            0.19289    
9.0            0.20769    
10.0           0.22379    
11.0           0.24104    
12.0           0.25928    
13.0           0.27833    
14.0           0.29803    
15.0           0.31821    
16.0           0.33871    
17.0           0.35937    
18.0           0.38006    
19.0           0.40063    
20.0           0.42098    
21.0           0.44101    
22.0           0.46062    
23.0           0.47974    
24.0           0.49831    
25.0           0.51628    
26.0           0.53361    
27.0           0.55027    
28.0           0.56625    
29.0           0.58152    
30.0           0.59607    
31.0           0.60990    
32.0           0.62300    
33.0           0.63537    
34.0           0.64702    
35.0           0.65794    
36.0           0.66813    
37.0           0.67761    
38.0           0.68636    
39.0           0.69440    
40.0           0.70172    
41.0           0.70833    
42.0           0.71423    
43.0           0.71942    
44.0           0.72391    
45.0           0.72769    
46.0           0.73078    
47.0           0.73317    
48.0           0.73486    
49.0           0.73588    
50.0           0.73621    
51.0           0.73588    
52.0           0.73489    
53.0           0.73326    
54.0           0.73100    
55.0           0.72813    
56.0           0.72467    
57.0           0.72065    
58.0           0.71609    
59.0           0.71101    
60.0           0.70547    
61.0           0.69947    
62.0           0.69308    
63.0           0.68632    
64.0           0.67924    
65.0           0.67189    
66.0           0.66432    
67.0           0.65657    
68.0           0.64869    
69.0           0.64075    
70.0           0.63280    
71.0           0.62488    
72.0           0.61706    
73.0           0.60940    
74.0           0.60194    
75.0           0.59474    
76.0           0.58785    
77.0           0.58133    
78.0           0.57521    
79.0           0.56955    
80.0           0.56437    
81.0           0.55972    
82.0           0.55563    
83.0           0.55211    
84.0           0.54919    
85.0           0.54688    
86.0           0.54518    
87.0           0.54411    
88.0           0.54364    
89.0           0.54377    
90.0           0.54448    
91.0           0.54576    
92.0           0.54756    
93.0           0.54986    
94.0           0.55262    
95.0           0.55580    
96.0           0.55936    
97.0           0.56325    
98.0           0.56743    
99.0           0.57184    
100.0          0.57644    
101.0          0.58118    
102.0          0.58601    
103.0          0.59088    
104.0          0.59575    
105.0          0.60057    
106.0          0.60529    
107.0          0.60987    
108.0          0.61428    
109.0          0.61848    
110.0          0.62242    
111.0          0.62608    
112.0          0.62942    
113.0          0.63241    
114.0          0.63503    
115.0          0.63725    
116.0          0.63905    
117.0          0.64040    
118.0          0.64128    
119.0          0.64167    
120.0          0.64155    
121.0          0.64091    
122.0          0.63971    
123.0          0.63795    
124.0          0.63560    
125.0          0.63264    
126.0          0.62906    
127.0          0.62482    
128.0          0.61990    
129.0          0.61428    
130.0          0.60793    
131.0          0.60080    
132.0          0.59287    
133.0          0.58410    
134.0          0.57443    
135.0          0.56383    
136.0          0.55224    
137.0          0.53960    
138.0          0.52585    
139.0          0.51092    
140.0          0.49474    
141.0          0.47724    
142.0          0.45834    
143.0          0.43795    
144.0          0.41600    
145.0          0.39240    
146.0          0.36709    
147.0          0.33998    
148.0          0.31102    
149.0          0.28015    
150.0          0.24736    
151.0          0.21263    
152.0          0.17600    
153.0          0.13753    
154.0          0.09731    
155.0          0.05551    
156.0          0.01232    
157.0         -0.03199    
158.0         -0.07712    
159.0         -0.12270    
160.0         -0.16833    
161.0         -0.21357    
162.0         -0.25797    
163.0         -0.30106    
164.0         -0.34242    
165.0         -0.38164    
166.0         -0.41838    
167.0         -0.45235    
168.0         -0.48336    
169.0         -0.51128    
170.0         -0.53609    
171.0         -0.55780    
172.0         -0.57653    
173.0         -0.59242    
174.0         -0.60564    
175.0         -0.61640    
176.0         -0.62488    
177.0         -0.63127    
178.0         -0.63571    
179.0         -0.63833    
180.0         -0.63919   