1.0            0.19084    
2.0            0.19586    
3.0            0.20032    
4.0            0.20594    
5.0            0.21283    
6.0            0.22090    
7.0            0.23001    
8.0            0.23997    
9.0            0.25059    
10.0           0.26162    
11.0           0.27285    
12.0           0.28404    
13.0           0.29496    
14.0           0.30538    
15.0           0.31511    
16.0           0.32396    
17.0           0.33177    
18.0           0.33841    
19.0           0.34377    
20.0           0.34777    
21.0           0.35036    
22.0           0.35150    
23.0           0.35119    
24.0           0.34945    
25.0           0.34630    
26.0           0.34178    
27.0           0.33597    
28.0           0.32891    
29.0           0.32070    
30.0           0.31141    
31.0           0.30114    
32.0           0.28997    
33.0           0.27800    
34.0           0.26533    
35.0           0.25206    
36.0           0.23828    
37.0           0.22411    
38.0           0.20963    
39.0           0.19496    
40.0           0.18019    
41.0           0.16542    
42.0           0.15075    
43.0           0.13629    
44.0           0.12213    
45.0           0.10837    
46.0           0.09512    
47.0           0.08245    
48.0           0.07047    
49.0           0.05927    
50.0           0.04894    
51.0           0.03957    
52.0           0.03123    
53.0           0.02402    
54.0           0.01800    
55.0           0.01325    
56.0           0.00984    
57.0           0.00783    
58.0           0.00728    
59.0           0.00823    
60.0           0.01073    
61.0           0.01482    
62.0           0.02053    
63.0           0.02788    
64.0           0.03688    
65.0           0.04753    
66.0           0.05983    
67.0           0.07376    
68.0           0.08928    
69.0           0.10637    
70.0           0.12498    
71.0           0.14503    
72.0           0.16647    
73.0           0.18919    
74.0           0.21312    
75.0           0.23813    
76.0           0.26410    
77.0           0.29092    
78.0           0.31844    
79.0           0.34651    
80.0           0.37499    
81.0           0.40370    
82.0           0.43250    
83.0           0.46121    
84.0           0.48967    
85.0           0.51772    
86.0           0.54520    
87.0           0.57195    
88.0           0.59784    
89.0           0.62273    
90.0           0.64650    
91.0           0.66903    
92.0           0.69022    
93.0           0.71000    
94.0           0.72830    
95.0           0.74505    
96.0           0.76022    
97.0           0.77379    
98.0           0.78573    
99.0           0.79607    
100.0          0.80480    
101.0          0.81195    
102.0          0.81756    
103.0          0.82167    
104.0          0.82432    
105.0          0.82558    
106.0          0.82551    
107.0          0.82417    
108.0          0.82163    
109.0          0.81797    
110.0          0.81324    
111.0          0.80753    
112.0          0.80091    
113.0          0.79345    
114.0          0.78521    
115.0          0.77626    
116.0          0.76666    
117.0          0.75648    
118.0          0.74576    
119.0          0.73456    
120.0          0.72292    
121.0          0.71090    
122.0          0.69852    
123.0          0.68581    
124.0          0.67280    
125.0          0.65952    
126.0          0.64597    
127.0          0.63217    
128.0          0.61812    
129.0          0.60381    
130.0          0.58923    
131.0          0.57437    
132.0          0.55921    
133.0          0.54372    
134.0          0.52786    
135.0          0.51159    
136.0          0.49487    
137.0          0.47764    
138.0          0.45983    
139.0          0.44139    
140.0          0.42225    
141.0          0.40233    
142.0          0.38155    
143.0          0.35984    
144.0          0.33710    
145.0          0.31327    
146.0          0.28826    
147.0          0.26199    
148.0          0.23441    
149.0          0.20546    
150.0          0.17510    
151.0          0.14333    
152.0          0.11015    
153.0          0.07562    
154.0          0.03980    
155.0          0.00283    
156.0         -0.03514    
157.0         -0.07388    
158.0         -0.11315    
159.0         -0.15263    
160.0         -0.19199    
161.0         -0.23087    
162.0         -0.26888    
163.0         -0.30565    
164.0         -0.34082    
165.0         -0.37406    
166.0         -0.40509    
167.0         -0.43369    
168.0         -0.45969    
169.0         -0.48303    
170.0         -0.50367    
171.0         -0.52168    
172.0         -0.53714    
173.0         -0.55020    
174.0         -0.56103    
175.0         -0.56980    
176.0         -0.57669    
177.0         -0.58186    
178.0         -0.58545    
179.0         -0.58756    
180.0         -0.58826 
