1.0            0.16012    
2.0            0.16115    
3.0            0.16137    
4.0            0.16149    
5.0            0.16157    
6.0            0.16164    
7.0            0.16170    
8.0            0.16174    
9.0            0.16176    
10.0           0.16176    
11.0           0.16172    
12.0           0.16163    
13.0           0.16149    
14.0           0.16129    
15.0           0.16101    
16.0           0.16066    
17.0           0.16021    
18.0           0.15967    
19.0           0.15903    
20.0           0.15827    
21.0           0.15739    
22.0           0.15639    
23.0           0.15526    
24.0           0.15400    
25.0           0.15260    
26.0           0.15107    
27.0           0.14941    
28.0           0.14761    
29.0           0.14567    
30.0           0.14361    
31.0           0.14142    
32.0           0.13911    
33.0           0.13668    
34.0           0.13415    
35.0           0.13151    
36.0           0.12878    
37.0           0.12597    
38.0           0.12308    
39.0           0.12013    
40.0           0.11713    
41.0           0.11408    
42.0           0.11101    
43.0           0.10792    
44.0           0.10482    
45.0           0.10173    
46.0           0.09866    
47.0           0.09562    
48.0           0.09262    
49.0           0.08968    
50.0           0.08682    
51.0           0.08403    
52.0           0.08133    
53.0           0.07874    
54.0           0.07627    
55.0           0.07392    
56.0           0.07170    
57.0           0.06963    
58.0           0.06772    
59.0           0.06596    
60.0           0.06438    
61.0           0.06296    
62.0           0.06173    
63.0           0.06069    
64.0           0.05983    
65.0           0.05916    
66.0           0.05869    
67.0           0.05842    
68.0           0.05835    
69.0           0.05846    
70.0           0.05878    
71.0           0.05929    
72.0           0.05998    
73.0           0.06086    
74.0           0.06193    
75.0           0.06316    
76.0           0.06457    
77.0           0.06613    
78.0           0.06785    
79.0           0.06972    
80.0           0.07171    
81.0           0.07384    
82.0           0.07608    
83.0           0.07842    
84.0           0.08086    
85.0           0.08337    
86.0           0.08596    
87.0           0.08861    
88.0           0.09130    
89.0           0.09402    
90.0           0.09676    
91.0           0.09952    
92.0           0.10226    
93.0           0.10500    
94.0           0.10770    
95.0           0.11036    
96.0           0.11297    
97.0           0.11551    
98.0           0.11798    
99.0           0.12037    
100.0          0.12265    
101.0          0.12483    
102.0          0.12690    
103.0          0.12883    
104.0          0.13063    
105.0          0.13229    
106.0          0.13380    
107.0          0.13514    
108.0          0.13632    
109.0          0.13732    
110.0          0.13814    
111.0          0.13877    
112.0          0.13921    
113.0          0.13944    
114.0          0.13948    
115.0          0.13930    
116.0          0.13891    
117.0          0.13830    
118.0          0.13747    
119.0          0.13641    
120.0          0.13512    
121.0          0.13360    
122.0          0.13185    
123.0          0.12986    
124.0          0.12763    
125.0          0.12516    
126.0          0.12245    
127.0          0.11950    
128.0          0.11630    
129.0          0.11287    
130.0          0.10919    
131.0          0.10528    
132.0          0.10113    
133.0          0.09674    
134.0          0.09213    
135.0          0.08728    
136.0          0.08222    
137.0          0.07694    
138.0          0.07145    
139.0          0.06577    
140.0          0.05989    
141.0          0.05383    
142.0          0.04760    
143.0          0.04121    
144.0          0.03468    
145.0          0.02802    
146.0          0.02124    
147.0          0.01436    
148.0          0.00741    
149.0          0.00039    
150.0         -0.00667    
151.0         -0.01375    
152.0         -0.02083    
153.0         -0.02790    
154.0         -0.03492    
155.0         -0.04188    
156.0         -0.04876    
157.0         -0.05552    
158.0         -0.06216    
159.0         -0.06865    
160.0         -0.07497    
161.0         -0.08110    
162.0         -0.08703    
163.0         -0.09272    
164.0         -0.09817    
165.0         -0.10337    
166.0         -0.10829    
167.0         -0.11292    
168.0         -0.11725    
169.0         -0.12127    
170.0         -0.12497    
171.0         -0.12834    
172.0         -0.13138    
173.0         -0.13407    
174.0         -0.13641    
175.0         -0.13840    
176.0         -0.14004    
177.0         -0.14131    
178.0         -0.14222    
179.0         -0.14277    
180.0         -0.14295    
