1.0            0.28526    
2.0            0.28664    
3.0            0.28628    
4.0            0.28544    
5.0            0.28426    
6.0            0.28280    
7.0            0.28108    
8.0            0.27911    
9.0            0.27690    
10.0           0.27447    
11.0           0.27183    
12.0           0.26899    
13.0           0.26598    
14.0           0.26280    
15.0           0.25947    
16.0           0.25601    
17.0           0.25244    
18.0           0.24877    
19.0           0.24502    
20.0           0.24121    
21.0           0.23736    
22.0           0.23348    
23.0           0.22960    
24.0           0.22573    
25.0           0.22189    
26.0           0.21809    
27.0           0.21435    
28.0           0.21069    
29.0           0.20711    
30.0           0.20364    
31.0           0.20029    
32.0           0.19707    
33.0           0.19398    
34.0           0.19105    
35.0           0.18828    
36.0           0.18567    
37.0           0.18324    
38.0           0.18100    
39.0           0.17894    
40.0           0.17708    
41.0           0.17541    
42.0           0.17395    
43.0           0.17268    
44.0           0.17163    
45.0           0.17078    
46.0           0.17013    
47.0           0.16969    
48.0           0.16946    
49.0           0.16942    
50.0           0.16959    
51.0           0.16996    
52.0           0.17051    
53.0           0.17126    
54.0           0.17219    
55.0           0.17329    
56.0           0.17457    
57.0           0.17601    
58.0           0.17762    
59.0           0.17937    
60.0           0.18127    
61.0           0.18330    
62.0           0.18546    
63.0           0.18774    
64.0           0.19012    
65.0           0.19261    
66.0           0.19518    
67.0           0.19784    
68.0           0.20056    
69.0           0.20334    
70.0           0.20617    
71.0           0.20904    
72.0           0.21193    
73.0           0.21484    
74.0           0.21776    
75.0           0.22067    
76.0           0.22356    
77.0           0.22643    
78.0           0.22926    
79.0           0.23204    
80.0           0.23476    
81.0           0.23741    
82.0           0.23999    
83.0           0.24247    
84.0           0.24487    
85.0           0.24715    
86.0           0.24932    
87.0           0.25137    
88.0           0.25328    
89.0           0.25506    
90.0           0.25669    
91.0           0.25817    
92.0           0.25949    
93.0           0.26065    
94.0           0.26164    
95.0           0.26244    
96.0           0.26307    
97.0           0.26352    
98.0           0.26377    
99.0           0.26383    
100.0          0.26369    
101.0          0.26336    
102.0          0.26282    
103.0          0.26208    
104.0          0.26113    
105.0          0.25997    
106.0          0.25861    
107.0          0.25703    
108.0          0.25524    
109.0          0.25323    
110.0          0.25101    
111.0          0.24858    
112.0          0.24593    
113.0          0.24307    
114.0          0.23999    
115.0          0.23670    
116.0          0.23319    
117.0          0.22947    
118.0          0.22553    
119.0          0.22138    
120.0          0.21702    
121.0          0.21245    
122.0          0.20767    
123.0          0.20267    
124.0          0.19748    
125.0          0.19207    
126.0          0.18647    
127.0          0.18066    
128.0          0.17466    
129.0          0.16846    
130.0          0.16207    
131.0          0.15550    
132.0          0.14874    
133.0          0.14181    
134.0          0.13471    
135.0          0.12744    
136.0          0.12002    
137.0          0.11245    
138.0          0.10474    
139.0          0.09690    
140.0          0.08894    
141.0          0.08088    
142.0          0.07272    
143.0          0.06448    
144.0          0.05617    
145.0          0.04781    
146.0          0.03942    
147.0          0.03101    
148.0          0.02260    
149.0          0.01421    
150.0          0.00586    
151.0         -0.00244    
152.0         -0.01066    
153.0         -0.01878    
154.0         -0.02679    
155.0         -0.03465    
156.0         -0.04237    
157.0         -0.04990    
158.0         -0.05724    
159.0         -0.06437    
160.0         -0.07127    
161.0         -0.07792    
162.0         -0.08430    
163.0         -0.09041    
164.0         -0.09623    
165.0         -0.10174    
166.0         -0.10694    
167.0         -0.11182    
168.0         -0.11636    
169.0         -0.12056    
170.0         -0.12441    
171.0         -0.12791    
172.0         -0.13105    
173.0         -0.13383    
174.0         -0.13624    
175.0         -0.13828    
176.0         -0.13995    
177.0         -0.14123    
178.0         -0.14211    
179.0         -0.14234    
180.0          0.00000  