1.0           -0.00149    
2.0           -0.00075    
3.0           -0.00050    
4.0           -0.00037    
5.0           -0.00029    
6.0           -0.00024    
7.0           -0.00020    
8.0           -0.00018    
9.0           -0.00015    
10.0          -0.00014    
11.0          -0.00012    
12.0          -0.00011    
13.0          -0.00010    
14.0          -0.00009    
15.0          -0.00008    
16.0          -0.00007    
17.0          -0.00006    
18.0          -0.00005    
19.0          -0.00004    
20.0          -0.00004    
21.0          -0.00003    
22.0          -0.00002    
23.0          -0.00002    
24.0          -0.00001    
25.0          -0.00000    
26.0           0.00000    
27.0           0.00001    
28.0           0.00002    
29.0           0.00002    
30.0           0.00003    
31.0           0.00004    
32.0           0.00005    
33.0           0.00005    
34.0           0.00006    
35.0           0.00007    
36.0           0.00008    
37.0           0.00009    
38.0           0.00010    
39.0           0.00011    
40.0           0.00012    
41.0           0.00013    
42.0           0.00014    
43.0           0.00015    
44.0           0.00016    
45.0           0.00017    
46.0           0.00018    
47.0           0.00019    
48.0           0.00020    
49.0           0.00021    
50.0           0.00023    
51.0           0.00024    
52.0           0.00025    
53.0           0.00026    
54.0           0.00028    
55.0           0.00029    
56.0           0.00030    
57.0           0.00031    
58.0           0.00033    
59.0           0.00034    
60.0           0.00035    
61.0           0.00037    
62.0           0.00038    
63.0           0.00039    
64.0           0.00041    
65.0           0.00042    
66.0           0.00043    
67.0           0.00044    
68.0           0.00046    
69.0           0.00047    
70.0           0.00048    
71.0           0.00049    
72.0           0.00050    
73.0           0.00051    
74.0           0.00052    
75.0           0.00053    
76.0           0.00054    
77.0           0.00055    
78.0           0.00056    
79.0           0.00057    
80.0           0.00058    
81.0           0.00058    
82.0           0.00059    
83.0           0.00060    
84.0           0.00060    
85.0           0.00061    
86.0           0.00061    
87.0           0.00062    
88.0           0.00062    
89.0           0.00062    
90.0           0.00062    
91.0           0.00062    
92.0           0.00062    
93.0           0.00062    
94.0           0.00062    
95.0           0.00062    
96.0           0.00062    
97.0           0.00062    
98.0           0.00061    
99.0           0.00061    
100.0          0.00061    
101.0          0.00060    
102.0          0.00060    
103.0          0.00059    
104.0          0.00058    
105.0          0.00058    
106.0          0.00057    
107.0          0.00056    
108.0          0.00055    
109.0          0.00054    
110.0          0.00053    
111.0          0.00052    
112.0          0.00051    
113.0          0.00050    
114.0          0.00049    
115.0          0.00048    
116.0          0.00047    
117.0          0.00046    
118.0          0.00044    
119.0          0.00043    
120.0          0.00042    
121.0          0.00041    
122.0          0.00039    
123.0          0.00038    
124.0          0.00037    
125.0          0.00035    
126.0          0.00034    
127.0          0.00033    
128.0          0.00032    
129.0          0.00030    
130.0          0.00029    
131.0          0.00028    
132.0          0.00026    
133.0          0.00025    
134.0          0.00024    
135.0          0.00022    
136.0          0.00021    
137.0          0.00020    
138.0          0.00019    
139.0          0.00017    
140.0          0.00016    
141.0          0.00015    
142.0          0.00014    
143.0          0.00012    
144.0          0.00011    
145.0          0.00010    
146.0          0.00009    
147.0          0.00008    
148.0          0.00006    
149.0          0.00005    
150.0          0.00004    
151.0          0.00003    
152.0          0.00002    
153.0          0.00000    
154.0         -0.00001    
155.0         -0.00002    
156.0         -0.00003    
157.0         -0.00005    
158.0         -0.00006    
159.0         -0.00007    
160.0         -0.00009    
161.0         -0.00010    
162.0         -0.00012    
163.0         -0.00014    
164.0         -0.00016    
165.0         -0.00018    
166.0         -0.00020    
167.0         -0.00022    
168.0         -0.00025    
169.0         -0.00028    
170.0         -0.00032    
171.0         -0.00036    
172.0         -0.00042    
173.0         -0.00049    
174.0         -0.00058    
175.0         -0.00070    
176.0         -0.00089    
177.0         -0.00119    
178.0         -0.00180    
179.0         -0.00360    
180.0         -0.04596  