1.0            0.11265    
2.0            0.11278    
3.0            0.11276    
4.0            0.11270    
5.0            0.11261    
6.0            0.11251    
7.0            0.11238    
8.0            0.11222    
9.0            0.11205    
10.0           0.11186    
11.0           0.11165    
12.0           0.11141    
13.0           0.11116    
14.0           0.11088    
15.0           0.11059    
16.0           0.11027    
17.0           0.10993    
18.0           0.10958    
19.0           0.10920    
20.0           0.10880    
21.0           0.10838    
22.0           0.10794    
23.0           0.10748    
24.0           0.10700    
25.0           0.10650    
26.0           0.10597    
27.0           0.10543    
28.0           0.10486    
29.0           0.10428    
30.0           0.10367    
31.0           0.10304    
32.0           0.10239    
33.0           0.10172    
34.0           0.10103    
35.0           0.10032    
36.0           0.09959    
37.0           0.09884    
38.0           0.09806    
39.0           0.09727    
40.0           0.09645    
41.0           0.09561    
42.0           0.09476    
43.0           0.09388    
44.0           0.09298    
45.0           0.09206    
46.0           0.09112    
47.0           0.09016    
48.0           0.08918    
49.0           0.08818    
50.0           0.08716    
51.0           0.08612    
52.0           0.08506    
53.0           0.08398    
54.0           0.08288    
55.0           0.08176    
56.0           0.08063    
57.0           0.07947    
58.0           0.07829    
59.0           0.07710    
60.0           0.07589    
61.0           0.07465    
62.0           0.07340    
63.0           0.07214    
64.0           0.07085    
65.0           0.06955    
66.0           0.06823    
67.0           0.06689    
68.0           0.06553    
69.0           0.06416    
70.0           0.06277    
71.0           0.06137    
72.0           0.05995    
73.0           0.05852    
74.0           0.05707    
75.0           0.05561    
76.0           0.05413    
77.0           0.05264    
78.0           0.05113    
79.0           0.04961    
80.0           0.04808    
81.0           0.04653    
82.0           0.04498    
83.0           0.04341    
84.0           0.04183    
85.0           0.04024    
86.0           0.03864    
87.0           0.03703    
88.0           0.03541    
89.0           0.03378    
90.0           0.03214    
91.0           0.03049    
92.0           0.02884    
93.0           0.02717    
94.0           0.02551    
95.0           0.02383    
96.0           0.02215    
97.0           0.02047    
98.0           0.01878    
99.0           0.01708    
100.0          0.01539    
101.0          0.01368    
102.0          0.01198    
103.0          0.01028    
104.0          0.00857    
105.0          0.00687    
106.0          0.00516    
107.0          0.00346    
108.0          0.00175    
109.0          0.00005    
110.0         -0.00165    
111.0         -0.00335    
112.0         -0.00504    
113.0         -0.00673    
114.0         -0.00841    
115.0         -0.01009    
116.0         -0.01176    
117.0         -0.01342    
118.0         -0.01508    
119.0         -0.01673    
120.0         -0.01837    
121.0         -0.01999    
122.0         -0.02161    
123.0         -0.02322    
124.0         -0.02481    
125.0         -0.02640    
126.0         -0.02797    
127.0         -0.02952    
128.0         -0.03106    
129.0         -0.03259    
130.0         -0.03410    
131.0         -0.03559    
132.0         -0.03707    
133.0         -0.03852    
134.0         -0.03996    
135.0         -0.04138    
136.0         -0.04278    
137.0         -0.04416    
138.0         -0.04552    
139.0         -0.04685    
140.0         -0.04816    
141.0         -0.04945    
142.0         -0.05072    
143.0         -0.05196    
144.0         -0.05317    
145.0         -0.05436    
146.0         -0.05553    
147.0         -0.05666    
148.0         -0.05777    
149.0         -0.05885    
150.0         -0.05990    
151.0         -0.06093    
152.0         -0.06192    
153.0         -0.06288    
154.0         -0.06382    
155.0         -0.06472    
156.0         -0.06559    
157.0         -0.06643    
158.0         -0.06723    
159.0         -0.06800    
160.0         -0.06874    
161.0         -0.06945    
162.0         -0.07012    
163.0         -0.07076    
164.0         -0.07136    
165.0         -0.07193    
166.0         -0.07246    
167.0         -0.07296    
168.0         -0.07342    
169.0         -0.07384    
170.0         -0.07423    
171.0         -0.07458    
172.0         -0.07490    
173.0         -0.07518    
174.0         -0.07542    
175.0         -0.07562    
176.0         -0.07578    
177.0         -0.07590    
178.0         -0.07596    
179.0         -0.07584    
180.0         -0.00000 