1.0            0.13905    
2.0            0.13780    
3.0            0.13290    
4.0            0.12572    
5.0            0.11647    
6.0            0.10528    
7.0            0.09225    
8.0            0.07751    
9.0            0.06121    
10.0           0.04351    
11.0           0.02458    
12.0           0.00463    
13.0          -0.01614    
14.0          -0.03752    
15.0          -0.05928    
16.0          -0.08123    
17.0          -0.10316    
18.0          -0.12488    
19.0          -0.14622    
20.0          -0.16703    
21.0          -0.18718    
22.0          -0.20653    
23.0          -0.22501    
24.0          -0.24253    
25.0          -0.25903    
26.0          -0.27447    
27.0          -0.28880    
28.0          -0.30201    
29.0          -0.31409    
30.0          -0.32503    
31.0          -0.33482    
32.0          -0.34349    
33.0          -0.35103    
34.0          -0.35746    
35.0          -0.36280    
36.0          -0.36705    
37.0          -0.37023    
38.0          -0.37236    
39.0          -0.37345    
40.0          -0.37351    
41.0          -0.37256    
42.0          -0.37060    
43.0          -0.36764    
44.0          -0.36370    
45.0          -0.35877    
46.0          -0.35287    
47.0          -0.34599    
48.0          -0.33815    
49.0          -0.32935    
50.0          -0.31958    
51.0          -0.30886    
52.0          -0.29718    
53.0          -0.28455    
54.0          -0.27098    
55.0          -0.25647    
56.0          -0.24102    
57.0          -0.22465    
58.0          -0.20735    
59.0          -0.18916    
60.0          -0.17007    
61.0          -0.15011    
62.0          -0.12930    
63.0          -0.10765    
64.0          -0.08520    
65.0          -0.06197    
66.0          -0.03800    
67.0          -0.01332    
68.0           0.01202    
69.0           0.03797    
70.0           0.06449    
71.0           0.09152    
72.0           0.11900    
73.0           0.14686    
74.0           0.17504    
75.0           0.20345    
76.0           0.23202    
77.0           0.26066    
78.0           0.28929    
79.0           0.31783    
80.0           0.34617    
81.0           0.37422    
82.0           0.40190    
83.0           0.42911    
84.0           0.45576    
85.0           0.48177    
86.0           0.50704    
87.0           0.53150    
88.0           0.55507    
89.0           0.57769    
90.0           0.59930    
91.0           0.61983    
92.0           0.63925    
93.0           0.65751    
94.0           0.67459    
95.0           0.69047    
96.0           0.70512    
97.0           0.71855    
98.0           0.73074    
99.0           0.74172    
100.0          0.75150    
101.0          0.76008    
102.0          0.76750    
103.0          0.77378    
104.0          0.77896    
105.0          0.78306    
106.0          0.78613    
107.0          0.78820    
108.0          0.78931    
109.0          0.78950    
110.0          0.78882    
111.0          0.78729    
112.0          0.78497    
113.0          0.78189    
114.0          0.77808    
115.0          0.77358    
116.0          0.76842    
117.0          0.76265    
118.0          0.75627    
119.0          0.74933    
120.0          0.74184    
121.0          0.73383    
122.0          0.72530    
123.0          0.71628    
124.0          0.70677    
125.0          0.69678    
126.0          0.68631    
127.0          0.67536    
128.0          0.66392    
129.0          0.65197    
130.0          0.63951    
131.0          0.62651    
132.0          0.61294    
133.0          0.59878    
134.0          0.58398    
135.0          0.56851    
136.0          0.55231    
137.0          0.53535    
138.0          0.51755    
139.0          0.49887    
140.0          0.47924    
141.0          0.45859    
142.0          0.43684    
143.0          0.41393    
144.0          0.38979    
145.0          0.36435    
146.0          0.33754    
147.0          0.30930    
148.0          0.27958    
149.0          0.24836    
150.0          0.21560    
151.0          0.18133    
152.0          0.14557    
153.0          0.10840    
154.0          0.06991    
155.0          0.03026    
156.0         -0.01035    
157.0         -0.05170    
158.0         -0.09349    
159.0         -0.13539    
160.0         -0.17705    
161.0         -0.21807    
162.0         -0.25807    
163.0         -0.29664    
164.0         -0.33343    
165.0         -0.36809    
166.0         -0.40035    
167.0         -0.42999    
168.0         -0.45686    
169.0         -0.48091    
170.0         -0.50212    
171.0         -0.52056    
172.0         -0.53636    
173.0         -0.54966    
174.0         -0.56065    
175.0         -0.56952    
176.0         -0.57645    
177.0         -0.58159    
178.0         -0.58498    
179.0         -0.58587    
180.0          0.00000  