1.0         .16969E+02    
2.0         .16854E+02    
3.0         .16820E+02    
4.0         .16793E+02    
5.0         .16763E+02    
6.0         .16730E+02    
7.0         .16692E+02    
8.0         .16650E+02    
9.0         .16602E+02    
10.0        .16550E+02    
11.0        .16494E+02    
12.0        .16433E+02    
13.0        .16369E+02    
14.0        .16301E+02    
15.0        .16229E+02    
16.0        .16155E+02    
17.0        .16077E+02    
18.0        .15997E+02    
19.0        .15915E+02    
20.0        .15830E+02    
21.0        .15743E+02    
22.0        .15655E+02    
23.0        .15566E+02    
24.0        .15475E+02    
25.0        .15383E+02    
26.0        .15290E+02    
27.0        .15196E+02    
28.0        .15101E+02    
29.0        .15007E+02    
30.0        .14912E+02    
31.0        .14816E+02    
32.0        .14721E+02    
33.0        .14626E+02    
34.0        .14530E+02    
35.0        .14435E+02    
36.0        .14341E+02    
37.0        .14247E+02    
38.0        .14153E+02    
39.0        .14060E+02    
40.0        .13967E+02    
41.0        .13876E+02    
42.0        .13785E+02    
43.0        .13695E+02    
44.0        .13606E+02    
45.0        .13518E+02    
46.0        .13432E+02    
47.0        .13346E+02    
48.0        .13262E+02    
49.0        .13179E+02    
50.0        .13098E+02    
51.0        .13018E+02    
52.0        .12939E+02    
53.0        .12863E+02    
54.0        .12788E+02    
55.0        .12715E+02    
56.0        .12643E+02    
57.0        .12574E+02    
58.0        .12506E+02    
59.0        .12441E+02    
60.0        .12377E+02    
61.0        .12316E+02    
62.0        .12257E+02    
63.0        .12200E+02    
64.0        .12146E+02    
65.0        .12093E+02    
66.0        .12044E+02    
67.0        .11996E+02    
68.0        .11952E+02    
69.0        .11909E+02    
70.0        .11870E+02    
71.0        .11832E+02    
72.0        .11798E+02    
73.0        .11766E+02    
74.0        .11737E+02    
75.0        .11710E+02    
76.0        .11686E+02    
77.0        .11665E+02    
78.0        .11647E+02    
79.0        .11631E+02    
80.0        .11619E+02    
81.0        .11609E+02    
82.0        .11601E+02    
83.0        .11597E+02    
84.0        .11595E+02    
85.0        .11596E+02    
86.0        .11599E+02    
87.0        .11606E+02    
88.0        .11615E+02    
89.0        .11626E+02    
90.0        .11640E+02    
91.0        .11657E+02    
92.0        .11677E+02    
93.0        .11699E+02    
94.0        .11723E+02    
95.0        .11750E+02    
96.0        .11780E+02    
97.0        .11812E+02    
98.0        .11846E+02    
99.0        .11882E+02    
100.0       .11921E+02    
101.0       .11962E+02    
102.0       .12006E+02    
103.0       .12051E+02    
104.0       .12098E+02    
105.0       .12148E+02    
106.0       .12199E+02    
107.0       .12253E+02    
108.0       .12308E+02    
109.0       .12366E+02    
110.0       .12425E+02    
111.0       .12485E+02    
112.0       .12548E+02    
113.0       .12612E+02    
114.0       .12678E+02    
115.0       .12746E+02    
116.0       .12815E+02    
117.0       .12886E+02    
118.0       .12958E+02    
119.0       .13032E+02    
120.0       .13108E+02    
121.0       .13185E+02    
122.0       .13263E+02    
123.0       .13343E+02    
124.0       .13425E+02    
125.0       .13508E+02    
126.0       .13593E+02    
127.0       .13679E+02    
128.0       .13767E+02    
129.0       .13857E+02    
130.0       .13949E+02    
131.0       .14042E+02    
132.0       .14138E+02    
133.0       .14235E+02    
134.0       .14334E+02    
135.0       .14436E+02    
136.0       .14539E+02    
137.0       .14645E+02    
138.0       .14754E+02    
139.0       .14865E+02    
140.0       .14978E+02    
141.0       .15094E+02    
142.0       .15213E+02    
143.0       .15335E+02    
144.0       .15459E+02    
145.0       .15587E+02    
146.0       .15717E+02    
147.0       .15850E+02    
148.0       .15987E+02    
149.0       .16126E+02    
150.0       .16268E+02    
151.0       .16413E+02    
152.0       .16560E+02    
153.0       .16710E+02    
154.0       .16861E+02    
155.0       .17015E+02    
156.0       .17171E+02    
157.0       .17327E+02    
158.0       .17485E+02    
159.0       .17643E+02    
160.0       .17800E+02    
161.0       .17957E+02    
162.0       .18113E+02    
163.0       .18266E+02    
164.0       .18417E+02    
165.0       .18564E+02    
166.0       .18707E+02    
167.0       .18844E+02    
168.0       .18976E+02    
169.0       .19101E+02    
170.0       .19218E+02    
171.0       .19327E+02    
172.0       .19427E+02    
173.0       .19517E+02    
174.0       .19597E+02    
175.0       .19665E+02    
176.0       .19722E+02    
177.0       .19766E+02    
178.0       .19798E+02    
179.0       .19818E+02    
180.0       .19824E+02  