0.5            0.60809
1.0            0.60324
1.5            0.60230
2.0            0.60191
2.5            0.60159
3.0            0.60119
3.5            0.60065
4.0            0.59990
4.5            0.59890
5.0            0.59762
5.5            0.59606
6.0            0.59421
6.5            0.59211
7.0            0.58977
7.5            0.58725
8.0            0.58460
8.5            0.58187
9.0            0.57913
9.5            0.57645
10.0           0.57388
10.5           0.57147
11.0           0.56929
11.5           0.56738
12.0           0.56577
12.5           0.56450
13.0           0.56360
13.5           0.56307
14.0           0.56294
14.5           0.56320
15.0           0.56386
15.5           0.56491
16.0           0.56634
16.5           0.56814
17.0           0.57030
17.5           0.57278
18.0           0.57558
18.5           0.57866
19.0           0.58200
19.5           0.58556
20.0           0.58933
20.5           0.59327
21.0           0.59734
21.5           0.60151
22.0           0.60576
22.5           0.61003
23.0           0.61431
23.5           0.61855
24.0           0.62272
24.5           0.62679
25.0           0.63071
25.5           0.63446
26.0           0.63799
26.5           0.64128
27.0           0.64428
27.5           0.64696
28.0           0.64930
28.5           0.65124
29.0           0.65277
29.5           0.65383
30.0           0.65441
30.5           0.65446
31.0           0.65396
31.5           0.65285
32.0           0.65113
32.5           0.64874
33.0           0.64566
33.5           0.64186
34.0           0.63731
34.5           0.63197
35.0           0.62584
35.5           0.61888
36.0           0.61108
36.5           0.60242
37.0           0.59290
37.5           0.58252
38.0           0.57127
38.5           0.55918
39.0           0.54625
39.5           0.53252
40.0           0.51800
40.5           0.50276
41.0           0.48682
41.5           0.47025
42.0           0.45311
42.5           0.43545
43.0           0.41735
43.5           0.39888
44.0           0.38012
44.5           0.36115
45.0           0.34203
45.5           0.32286
46.0           0.30371
46.5           0.28464
47.0           0.26574
47.5           0.24707
48.0           0.22868
48.5           0.21065
49.0           0.19302
49.5           0.17584
50.0           0.15915
50.5           0.14299
51.0           0.12740
51.5           0.11239
52.0           0.09800
52.5           0.08423
53.0           0.07111
53.5           0.05864
54.0           0.04684
54.5           0.03570
55.0           0.02522
55.5           0.01542
56.0           0.00627
56.5          -0.00221
57.0          -0.01004
57.5          -0.01722
58.0          -0.02376
58.5          -0.02967
59.0          -0.03495
59.5          -0.03962
60.0          -0.04369
60.5          -0.04716
61.0          -0.05005
61.5          -0.05236
62.0          -0.05411
62.5          -0.05530
63.0          -0.05596
63.5          -0.05608
64.0          -0.05569
64.5          -0.05480
65.0          -0.05343
65.5          -0.05158
66.0          -0.04929
66.5          -0.04657
67.0          -0.04344
67.5          -0.03993
68.0          -0.03607
68.5          -0.03190
69.0          -0.02745
69.5          -0.02277
70.0          -0.01791
70.5          -0.01293
71.0          -0.00789
71.5          -0.00288
72.0           0.00203
72.5           0.00675
73.0           0.01116
73.5           0.01515
74.0           0.01860
74.5           0.02138
75.0           0.02332
75.5           0.02430
76.0           0.02415
76.5           0.02272
77.0           0.01986
77.5           0.01544
78.0           0.00935
78.5           0.00149
79.0          -0.00820
79.5          -0.01973
80.0          -0.03308
80.5          -0.04817
81.0          -0.06487
81.5          -0.08301
82.0          -0.10235
82.5          -0.12263
83.0          -0.14355
83.5          -0.16479
84.0          -0.18602
84.5          -0.20693
85.0          -0.22722
85.5          -0.24663
86.0          -0.26500
86.5          -0.28246  
