0.5            0.42338
1.0            0.41982
1.5            0.41909
2.0            0.41876
2.5            0.41852
3.0            0.41831
3.5            0.41810
4.0            0.41789
4.5            0.41766
5.0            0.41742
5.5            0.41717
6.0            0.41691
6.5            0.41665
7.0            0.41639
7.5            0.41613
8.0            0.41588
8.5            0.41564
9.0            0.41542
9.5            0.41521
10.0           0.41504
10.5           0.41489
11.0           0.41477
11.5           0.41470
12.0           0.41466
12.5           0.41468
13.0           0.41474
13.5           0.41485
14.0           0.41502
14.5           0.41524
15.0           0.41553
15.5           0.41587
16.0           0.41628
16.5           0.41674
17.0           0.41727
17.5           0.41786
18.0           0.41851
18.5           0.41922
19.0           0.41998
19.5           0.42080
20.0           0.42166
20.5           0.42257
21.0           0.42352
21.5           0.42451
22.0           0.42553
22.5           0.42657
23.0           0.42763
23.5           0.42870
24.0           0.42977
24.5           0.43085
25.0           0.43191
25.5           0.43295
26.0           0.43397
26.5           0.43495
27.0           0.43589
27.5           0.43678
28.0           0.43760
28.5           0.43835
29.0           0.43903
29.5           0.43961
30.0           0.44010
30.5           0.44048
31.0           0.44075
31.5           0.44089
32.0           0.44091
32.5           0.44079
33.0           0.44052
33.5           0.44009
34.0           0.43951
34.5           0.43876
35.0           0.43784
35.5           0.43675
36.0           0.43547
36.5           0.43401
37.0           0.43236
37.5           0.43051
38.0           0.42847
38.5           0.42624
39.0           0.42381
39.5           0.42118
40.0           0.41836
40.5           0.41534
41.0           0.41212
41.5           0.40871
42.0           0.40512
42.5           0.40134
43.0           0.39738
43.5           0.39324
44.0           0.38893
44.5           0.38445
45.0           0.37982
45.5           0.37503
46.0           0.37009
46.5           0.36502
47.0           0.35981
47.5           0.35448
48.0           0.34903
48.5           0.34347
49.0           0.33781
49.5           0.33206
50.0           0.32622
50.5           0.32031
51.0           0.31433
51.5           0.30829
52.0           0.30219
52.5           0.29605
53.0           0.28987
53.5           0.28366
54.0           0.27743
54.5           0.27117
55.0           0.26490
55.5           0.25862
56.0           0.25234
56.5           0.24606
57.0           0.23978
57.5           0.23351
58.0           0.22725
58.5           0.22100
59.0           0.21477
59.5           0.20855
60.0           0.20235
60.5           0.19616
61.0           0.18999
61.5           0.18382
62.0           0.17767
62.5           0.17153
63.0           0.16539
63.5           0.15926
64.0           0.15312
64.5           0.14697
65.0           0.14081
65.5           0.13463
66.0           0.12843
66.5           0.12220
67.0           0.11593
67.5           0.10963
68.0           0.10327
68.5           0.09687
69.0           0.09040
69.5           0.08387
70.0           0.07727
70.5           0.07060
71.0           0.06385
71.5           0.05703
72.0           0.05012
72.5           0.04314
73.0           0.03607
73.5           0.02893
74.0           0.02171
74.5           0.01443
75.0           0.00708
75.5          -0.00031
76.0          -0.00775
76.5          -0.01521
77.0          -0.02269
77.5          -0.03016
78.0          -0.03762
78.5          -0.04503
79.0          -0.05239
79.5          -0.05966
80.0          -0.06683
80.5          -0.07387
81.0          -0.08075
81.5          -0.08745
82.0          -0.09395
82.5          -0.10021
83.0          -0.10622
83.5          -0.11195
84.0          -0.11738
84.5          -0.12248
85.0          -0.12724
85.5          -0.13164
86.0          -0.13570
86.5          -0.13947  
