1.0         .10163E+02    
2.0         .10035E+02    
3.0         .99788E+01    
4.0         .99218E+01    
5.0         .98555E+01    
6.0         .97784E+01    
7.0         .96908E+01    
8.0         .95936E+01    
9.0         .94875E+01    
10.0        .93738E+01    
11.0        .92535E+01    
12.0        .91276E+01    
13.0        .89973E+01    
14.0        .88633E+01    
15.0        .87266E+01    
16.0        .85879E+01    
17.0        .84478E+01    
18.0        .83069E+01    
19.0        .81657E+01    
20.0        .80246E+01    
21.0        .78837E+01    
22.0        .77435E+01    
23.0        .76040E+01    
24.0        .74654E+01    
25.0        .73279E+01    
26.0        .71914E+01    
27.0        .70561E+01    
28.0        .69219E+01    
29.0        .67889E+01    
30.0        .66572E+01    
31.0        .65266E+01    
32.0        .63974E+01    
33.0        .62694E+01    
34.0        .61428E+01    
35.0        .60175E+01    
36.0        .58936E+01    
37.0        .57711E+01    
38.0        .56501E+01    
39.0        .55306E+01    
40.0        .54128E+01    
41.0        .52966E+01    
42.0        .51822E+01    
43.0        .50696E+01    
44.0        .49589E+01    
45.0        .48501E+01    
46.0        .47434E+01    
47.0        .46387E+01    
48.0        .45363E+01    
49.0        .44361E+01    
50.0        .43383E+01    
51.0        .42428E+01    
52.0        .41499E+01    
53.0        .40594E+01    
54.0        .39716E+01    
55.0        .38863E+01    
56.0        .38038E+01    
57.0        .37240E+01    
58.0        .36471E+01    
59.0        .35729E+01    
60.0        .35016E+01    
61.0        .34333E+01    
62.0        .33679E+01    
63.0        .33054E+01    
64.0        .32460E+01    
65.0        .31895E+01    
66.0        .31362E+01    
67.0        .30858E+01    
68.0        .30386E+01    
69.0        .29945E+01    
70.0        .29534E+01    
71.0        .29155E+01    
72.0        .28807E+01    
73.0        .28491E+01    
74.0        .28206E+01    
75.0        .27952E+01    
76.0        .27729E+01    
77.0        .27539E+01    
78.0        .27379E+01    
79.0        .27251E+01    
80.0        .27154E+01    
81.0        .27089E+01    
82.0        .27055E+01    
83.0        .27052E+01    
84.0        .27080E+01    
85.0        .27139E+01    
86.0        .27229E+01    
87.0        .27350E+01    
88.0        .27501E+01    
89.0        .27682E+01    
90.0        .27894E+01    
91.0        .28135E+01    
92.0        .28406E+01    
93.0        .28706E+01    
94.0        .29035E+01    
95.0        .29393E+01    
96.0        .29779E+01    
97.0        .30193E+01    
98.0        .30635E+01    
99.0        .31105E+01    
100.0       .31600E+01    
101.0       .32123E+01    
102.0       .32671E+01    
103.0       .33245E+01    
104.0       .33843E+01    
105.0       .34466E+01    
106.0       .35112E+01    
107.0       .35782E+01    
108.0       .36474E+01    
109.0       .37188E+01    
110.0       .37923E+01    
111.0       .38679E+01    
112.0       .39454E+01    
113.0       .40249E+01    
114.0       .41061E+01    
115.0       .41891E+01    
116.0       .42737E+01    
117.0       .43599E+01    
118.0       .44476E+01    
119.0       .45366E+01    
120.0       .46269E+01    
121.0       .47185E+01    
122.0       .48111E+01    
123.0       .49047E+01    
124.0       .49992E+01    
125.0       .50946E+01    
126.0       .51907E+01    
127.0       .52875E+01    
128.0       .53848E+01    
129.0       .54827E+01    
130.0       .55810E+01    
131.0       .56797E+01    
132.0       .57788E+01    
133.0       .58783E+01    
134.0       .59781E+01    
135.0       .60783E+01    
136.0       .61790E+01    
137.0       .62802E+01    
138.0       .63820E+01    
139.0       .64846E+01    
140.0       .65882E+01    
141.0       .66929E+01    
142.0       .67991E+01    
143.0       .69070E+01    
144.0       .70169E+01    
145.0       .71294E+01    
146.0       .72447E+01    
147.0       .73634E+01    
148.0       .74861E+01    
149.0       .76132E+01    
150.0       .77454E+01    
151.0       .78834E+01    
152.0       .80277E+01    
153.0       .81790E+01    
154.0       .83380E+01    
155.0       .85052E+01    
156.0       .86811E+01    
157.0       .88663E+01    
158.0       .90611E+01    
159.0       .92657E+01    
160.0       .94801E+01    
161.0       .97041E+01    
162.0       .99373E+01    
163.0       .10179E+02    
164.0       .10428E+02    
165.0       .10684E+02    
166.0       .10943E+02    
167.0       .11205E+02    
168.0       .11467E+02    
169.0       .11726E+02    
170.0       .11979E+02    
171.0       .12223E+02    
172.0       .12453E+02    
173.0       .12668E+02    
174.0       .12862E+02    
175.0       .13034E+02    
176.0       .13179E+02    
177.0       .13295E+02    
178.0       .13379E+02    
179.0       .13430E+02    
180.0       .13448E+02  