1.0         .63420E+01    
2.0         .61934E+01    
3.0         .61051E+01    
4.0         .60071E+01    
5.0         .58950E+01    
6.0         .57713E+01    
7.0         .56400E+01    
8.0         .55055E+01    
9.0         .53713E+01    
10.0        .52405E+01    
11.0        .51155E+01    
12.0        .49976E+01    
13.0        .48877E+01    
14.0        .47861E+01    
15.0        .46926E+01    
16.0        .46068E+01    
17.0        .45280E+01    
18.0        .44553E+01    
19.0        .43880E+01    
20.0        .43251E+01    
21.0        .42660E+01    
22.0        .42097E+01    
23.0        .41558E+01    
24.0        .41035E+01    
25.0        .40524E+01    
26.0        .40019E+01    
27.0        .39519E+01    
28.0        .39018E+01    
29.0        .38517E+01    
30.0        .38012E+01    
31.0        .37502E+01    
32.0        .36987E+01    
33.0        .36465E+01    
34.0        .35938E+01    
35.0        .35405E+01    
36.0        .34867E+01    
37.0        .34323E+01    
38.0        .33776E+01    
39.0        .33224E+01    
40.0        .32671E+01    
41.0        .32115E+01    
42.0        .31559E+01    
43.0        .31003E+01    
44.0        .30448E+01    
45.0        .29896E+01    
46.0        .29347E+01    
47.0        .28801E+01    
48.0        .28260E+01    
49.0        .27725E+01    
50.0        .27196E+01    
51.0        .26674E+01    
52.0        .26159E+01    
53.0        .25652E+01    
54.0        .25153E+01    
55.0        .24663E+01    
56.0        .24181E+01    
57.0        .23710E+01    
58.0        .23247E+01    
59.0        .22795E+01    
60.0        .22352E+01    
61.0        .21919E+01    
62.0        .21497E+01    
63.0        .21085E+01    
64.0        .20684E+01    
65.0        .20293E+01    
66.0        .19914E+01    
67.0        .19545E+01    
68.0        .19188E+01    
69.0        .18842E+01    
70.0        .18507E+01    
71.0        .18185E+01    
72.0        .17874E+01    
73.0        .17576E+01    
74.0        .17291E+01    
75.0        .17018E+01    
76.0        .16758E+01    
77.0        .16511E+01    
78.0        .16278E+01    
79.0        .16058E+01    
80.0        .15853E+01    
81.0        .15661E+01    
82.0        .15484E+01    
83.0        .15321E+01    
84.0        .15173E+01    
85.0        .15040E+01    
86.0        .14921E+01    
87.0        .14817E+01    
88.0        .14728E+01    
89.0        .14654E+01    
90.0        .14595E+01    
91.0        .14550E+01    
92.0        .14521E+01    
93.0        .14506E+01    
94.0        .14506E+01    
95.0        .14521E+01    
96.0        .14550E+01    
97.0        .14594E+01    
98.0        .14653E+01    
99.0        .14726E+01    
100.0       .14815E+01    
101.0       .14919E+01    
102.0       .15037E+01    
103.0       .15172E+01    
104.0       .15322E+01    
105.0       .15488E+01    
106.0       .15672E+01    
107.0       .15872E+01    
108.0       .16090E+01    
109.0       .16327E+01    
110.0       .16583E+01    
111.0       .16859E+01    
112.0       .17156E+01    
113.0       .17475E+01    
114.0       .17816E+01    
115.0       .18182E+01    
116.0       .18571E+01    
117.0       .18987E+01    
118.0       .19428E+01    
119.0       .19898E+01    
120.0       .20395E+01    
121.0       .20922E+01    
122.0       .21478E+01    
123.0       .22064E+01    
124.0       .22681E+01    
125.0       .23329E+01    
126.0       .24009E+01    
127.0       .24719E+01    
128.0       .25459E+01    
129.0       .26230E+01    
130.0       .27031E+01    
131.0       .27859E+01    
132.0       .28715E+01    
133.0       .29597E+01    
134.0       .30502E+01    
135.0       .31429E+01    
136.0       .32375E+01    
137.0       .33339E+01    
138.0       .34316E+01    
139.0       .35306E+01    
140.0       .36304E+01    
141.0       .37307E+01    
142.0       .38314E+01    
143.0       .39320E+01    
144.0       .40324E+01    
145.0       .41322E+01    
146.0       .42314E+01    
147.0       .43298E+01    
148.0       .44274E+01    
149.0       .45242E+01    
150.0       .46203E+01    
151.0       .47162E+01    
152.0       .48121E+01    
153.0       .49089E+01    
154.0       .50073E+01    
155.0       .51085E+01    
156.0       .52138E+01    
157.0       .53249E+01    
158.0       .54438E+01    
159.0       .55726E+01    
160.0       .57140E+01    
161.0       .58708E+01    
162.0       .60460E+01    
163.0       .62428E+01    
164.0       .64643E+01    
165.0       .67133E+01    
166.0       .69924E+01    
167.0       .73030E+01    
168.0       .76458E+01    
169.0       .80194E+01    
170.0       .84207E+01    
171.0       .88442E+01    
172.0       .92816E+01    
173.0       .97220E+01    
174.0       .10152E+02    
175.0       .10556E+02    
176.0       .10917E+02    
177.0       .11219E+02    
178.0       .11447E+02    
179.0       .11589E+02    
180.0       .11637E+02 