1.0            0.18663    
2.0            0.18547    
3.0            0.18528    
4.0            0.18524    
5.0            0.18526    
6.0            0.18530    
7.0            0.18536    
8.0            0.18543    
9.0            0.18552    
10.0           0.18562    
11.0           0.18574    
12.0           0.18586    
13.0           0.18599    
14.0           0.18614    
15.0           0.18629    
16.0           0.18646    
17.0           0.18663    
18.0           0.18682    
19.0           0.18701    
20.0           0.18722    
21.0           0.18743    
22.0           0.18766    
23.0           0.18789    
24.0           0.18813    
25.0           0.18838    
26.0           0.18863    
27.0           0.18890    
28.0           0.18917    
29.0           0.18945    
30.0           0.18974    
31.0           0.19004    
32.0           0.19034    
33.0           0.19065    
34.0           0.19097    
35.0           0.19129    
36.0           0.19161    
37.0           0.19195    
38.0           0.19228    
39.0           0.19263    
40.0           0.19297    
41.0           0.19332    
42.0           0.19368    
43.0           0.19404    
44.0           0.19440    
45.0           0.19477    
46.0           0.19514    
47.0           0.19551    
48.0           0.19588    
49.0           0.19625    
50.0           0.19663    
51.0           0.19701    
52.0           0.19739    
53.0           0.19776    
54.0           0.19814    
55.0           0.19852    
56.0           0.19890    
57.0           0.19928    
58.0           0.19965    
59.0           0.20003    
60.0           0.20040    
61.0           0.20077    
62.0           0.20114    
63.0           0.20151    
64.0           0.20187    
65.0           0.20223    
66.0           0.20259    
67.0           0.20294    
68.0           0.20329    
69.0           0.20363    
70.0           0.20397    
71.0           0.20431    
72.0           0.20464    
73.0           0.20496    
74.0           0.20528    
75.0           0.20560    
76.0           0.20590    
77.0           0.20621    
78.0           0.20650    
79.0           0.20679    
80.0           0.20707    
81.0           0.20734    
82.0           0.20761    
83.0           0.20787    
84.0           0.20812    
85.0           0.20836    
86.0           0.20860    
87.0           0.20883    
88.0           0.20905    
89.0           0.20926    
90.0           0.20946    
91.0           0.20965    
92.0           0.20984    
93.0           0.21001    
94.0           0.21018    
95.0           0.21034    
96.0           0.21049    
97.0           0.21063    
98.0           0.21076    
99.0           0.21088    
100.0          0.21099    
101.0          0.21109    
102.0          0.21118    
103.0          0.21126    
104.0          0.21134    
105.0          0.21140    
106.0          0.21145    
107.0          0.21149    
108.0          0.21153    
109.0          0.21155    
110.0          0.21156    
111.0          0.21157    
112.0          0.21156    
113.0          0.21154    
114.0          0.21152    
115.0          0.21148    
116.0          0.21144    
117.0          0.21138    
118.0          0.21132    
119.0          0.21125    
120.0          0.21116    
121.0          0.21107    
122.0          0.21097    
123.0          0.21086    
124.0          0.21074    
125.0          0.21062    
126.0          0.21048    
127.0          0.21034    
128.0          0.21018    
129.0          0.21002    
130.0          0.20986    
131.0          0.20968    
132.0          0.20950    
133.0          0.20931    
134.0          0.20912    
135.0          0.20891    
136.0          0.20871    
137.0          0.20849    
138.0          0.20828    
139.0          0.20805    
140.0          0.20783    
141.0          0.20760    
142.0          0.20736    
143.0          0.20712    
144.0          0.20688    
145.0          0.20664    
146.0          0.20640    
147.0          0.20615    
148.0          0.20591    
149.0          0.20566    
150.0          0.20541    
151.0          0.20517    
152.0          0.20493    
153.0          0.20468    
154.0          0.20445    
155.0          0.20421    
156.0          0.20398    
157.0          0.20375    
158.0          0.20353    
159.0          0.20331    
160.0          0.20310    
161.0          0.20289    
162.0          0.20269    
163.0          0.20250    
164.0          0.20232    
165.0          0.20214    
166.0          0.20198    
167.0          0.20182    
168.0          0.20167    
169.0          0.20154    
170.0          0.20141    
171.0          0.20130    
172.0          0.20119    
173.0          0.20110    
174.0          0.20102    
175.0          0.20095    
176.0          0.20090    
177.0          0.20085    
178.0          0.20082    
179.0          0.20080    
180.0          0.20080  
