1.0         .73106E+02    
2.0         .73001E+02    
3.0         .72983E+02    
4.0         .72979E+02    
5.0         .72978E+02    
6.0         .72980E+02    
7.0         .72983E+02    
8.0         .72987E+02    
9.0         .72992E+02    
10.0        .72998E+02    
11.0        .73004E+02    
12.0        .73011E+02    
13.0        .73018E+02    
14.0        .73027E+02    
15.0        .73036E+02    
16.0        .73045E+02    
17.0        .73055E+02    
18.0        .73066E+02    
19.0        .73078E+02    
20.0        .73090E+02    
21.0        .73102E+02    
22.0        .73115E+02    
23.0        .73129E+02    
24.0        .73143E+02    
25.0        .73158E+02    
26.0        .73174E+02    
27.0        .73190E+02    
28.0        .73206E+02    
29.0        .73223E+02    
30.0        .73241E+02    
31.0        .73259E+02    
32.0        .73278E+02    
33.0        .73297E+02    
34.0        .73317E+02    
35.0        .73337E+02    
36.0        .73358E+02    
37.0        .73379E+02    
38.0        .73401E+02    
39.0        .73423E+02    
40.0        .73446E+02    
41.0        .73469E+02    
42.0        .73493E+02    
43.0        .73517E+02    
44.0        .73542E+02    
45.0        .73567E+02    
46.0        .73593E+02    
47.0        .73619E+02    
48.0        .73645E+02    
49.0        .73672E+02    
50.0        .73699E+02    
51.0        .73727E+02    
52.0        .73755E+02    
53.0        .73784E+02    
54.0        .73813E+02    
55.0        .73843E+02    
56.0        .73873E+02    
57.0        .73903E+02    
58.0        .73934E+02    
59.0        .73965E+02    
60.0        .73996E+02    
61.0        .74028E+02    
62.0        .74060E+02    
63.0        .74093E+02    
64.0        .74126E+02    
65.0        .74160E+02    
66.0        .74193E+02    
67.0        .74228E+02    
68.0        .74262E+02    
69.0        .74297E+02    
70.0        .74333E+02    
71.0        .74368E+02    
72.0        .74404E+02    
73.0        .74441E+02    
74.0        .74478E+02    
75.0        .74515E+02    
76.0        .74552E+02    
77.0        .74590E+02    
78.0        .74628E+02    
79.0        .74667E+02    
80.0        .74706E+02    
81.0        .74745E+02    
82.0        .74785E+02    
83.0        .74824E+02    
84.0        .74865E+02    
85.0        .74905E+02    
86.0        .74946E+02    
87.0        .74987E+02    
88.0        .75029E+02    
89.0        .75071E+02    
90.0        .75113E+02    
91.0        .75155E+02    
92.0        .75198E+02    
93.0        .75241E+02    
94.0        .75285E+02    
95.0        .75328E+02    
96.0        .75372E+02    
97.0        .75417E+02    
98.0        .75461E+02    
99.0        .75506E+02    
100.0       .75551E+02    
101.0       .75596E+02    
102.0       .75642E+02    
103.0       .75688E+02    
104.0       .75734E+02    
105.0       .75780E+02    
106.0       .75827E+02    
107.0       .75873E+02    
108.0       .75920E+02    
109.0       .75968E+02    
110.0       .76015E+02    
111.0       .76062E+02    
112.0       .76110E+02    
113.0       .76158E+02    
114.0       .76206E+02    
115.0       .76254E+02    
116.0       .76303E+02    
117.0       .76351E+02    
118.0       .76400E+02    
119.0       .76448E+02    
120.0       .76497E+02    
121.0       .76546E+02    
122.0       .76594E+02    
123.0       .76643E+02    
124.0       .76692E+02    
125.0       .76741E+02    
126.0       .76790E+02    
127.0       .76839E+02    
128.0       .76888E+02    
129.0       .76936E+02    
130.0       .76985E+02    
131.0       .77033E+02    
132.0       .77082E+02    
133.0       .77130E+02    
134.0       .77178E+02    
135.0       .77226E+02    
136.0       .77273E+02    
137.0       .77320E+02    
138.0       .77367E+02    
139.0       .77414E+02    
140.0       .77460E+02    
141.0       .77506E+02    
142.0       .77551E+02    
143.0       .77596E+02    
144.0       .77640E+02    
145.0       .77684E+02    
146.0       .77727E+02    
147.0       .77770E+02    
148.0       .77812E+02    
149.0       .77853E+02    
150.0       .77893E+02    
151.0       .77933E+02    
152.0       .77972E+02    
153.0       .78010E+02    
154.0       .78047E+02    
155.0       .78083E+02    
156.0       .78118E+02    
157.0       .78152E+02    
158.0       .78185E+02    
159.0       .78217E+02    
160.0       .78247E+02    
161.0       .78277E+02    
162.0       .78305E+02    
163.0       .78332E+02    
164.0       .78358E+02    
165.0       .78382E+02    
166.0       .78405E+02    
167.0       .78426E+02    
168.0       .78446E+02    
169.0       .78465E+02    
170.0       .78482E+02    
171.0       .78497E+02    
172.0       .78511E+02    
173.0       .78524E+02    
174.0       .78534E+02    
175.0       .78543E+02    
176.0       .78551E+02    
177.0       .78557E+02    
178.0       .78561E+02    
179.0       .78563E+02    
180.0       .78564E+02  