1.0         .78075E+01    
2.0         .76720E+01    
3.0         .76038E+01    
4.0         .75308E+01    
5.0         .74456E+01    
6.0         .73479E+01    
7.0         .72392E+01    
8.0         .71214E+01    
9.0         .69965E+01    
10.0        .68665E+01    
11.0        .67333E+01    
12.0        .65984E+01    
13.0        .64633E+01    
14.0        .63290E+01    
15.0        .61964E+01    
16.0        .60661E+01    
17.0        .59386E+01    
18.0        .58140E+01    
19.0        .56926E+01    
20.0        .55743E+01    
21.0        .54590E+01    
22.0        .53465E+01    
23.0        .52368E+01    
24.0        .51296E+01    
25.0        .50247E+01    
26.0        .49219E+01    
27.0        .48211E+01    
28.0        .47220E+01    
29.0        .46246E+01    
30.0        .45287E+01    
31.0        .44342E+01    
32.0        .43411E+01    
33.0        .42493E+01    
34.0        .41587E+01    
35.0        .40694E+01    
36.0        .39814E+01    
37.0        .38947E+01    
38.0        .38092E+01    
39.0        .37251E+01    
40.0        .36423E+01    
41.0        .35609E+01    
42.0        .34810E+01    
43.0        .34026E+01    
44.0        .33257E+01    
45.0        .32505E+01    
46.0        .31768E+01    
47.0        .31049E+01    
48.0        .30347E+01    
49.0        .29662E+01    
50.0        .28996E+01    
51.0        .28348E+01    
52.0        .27718E+01    
53.0        .27107E+01    
54.0        .26515E+01    
55.0        .25941E+01    
56.0        .25387E+01    
57.0        .24853E+01    
58.0        .24337E+01    
59.0        .23841E+01    
60.0        .23364E+01    
61.0        .22907E+01    
62.0        .22468E+01    
63.0        .22049E+01    
64.0        .21650E+01    
65.0        .21269E+01    
66.0        .20908E+01    
67.0        .20566E+01    
68.0        .20243E+01    
69.0        .19940E+01    
70.0        .19656E+01    
71.0        .19391E+01    
72.0        .19145E+01    
73.0        .18919E+01    
74.0        .18713E+01    
75.0        .18526E+01    
76.0        .18359E+01    
77.0        .18212E+01    
78.0        .18085E+01    
79.0        .17978E+01    
80.0        .17892E+01    
81.0        .17826E+01    
82.0        .17780E+01    
83.0        .17755E+01    
84.0        .17752E+01    
85.0        .17769E+01    
86.0        .17808E+01    
87.0        .17868E+01    
88.0        .17949E+01    
89.0        .18052E+01    
90.0        .18177E+01    
91.0        .18324E+01    
92.0        .18493E+01    
93.0        .18684E+01    
94.0        .18897E+01    
95.0        .19133E+01    
96.0        .19391E+01    
97.0        .19671E+01    
98.0        .19974E+01    
99.0        .20300E+01    
100.0       .20648E+01    
101.0       .21019E+01    
102.0       .21413E+01    
103.0       .21829E+01    
104.0       .22269E+01    
105.0       .22731E+01    
106.0       .23216E+01    
107.0       .23724E+01    
108.0       .24255E+01    
109.0       .24809E+01    
110.0       .25385E+01    
111.0       .25984E+01    
112.0       .26606E+01    
113.0       .27250E+01    
114.0       .27916E+01    
115.0       .28604E+01    
116.0       .29313E+01    
117.0       .30044E+01    
118.0       .30795E+01    
119.0       .31566E+01    
120.0       .32357E+01    
121.0       .33166E+01    
122.0       .33993E+01    
123.0       .34838E+01    
124.0       .35698E+01    
125.0       .36573E+01    
126.0       .37462E+01    
127.0       .38364E+01    
128.0       .39276E+01    
129.0       .40199E+01    
130.0       .41129E+01    
131.0       .42067E+01    
132.0       .43010E+01    
133.0       .43956E+01    
134.0       .44905E+01    
135.0       .45854E+01    
136.0       .46803E+01    
137.0       .47751E+01    
138.0       .48696E+01    
139.0       .49638E+01    
140.0       .50576E+01    
141.0       .51511E+01    
142.0       .52442E+01    
143.0       .53371E+01    
144.0       .54300E+01    
145.0       .55230E+01    
146.0       .56164E+01    
147.0       .57107E+01    
148.0       .58063E+01    
149.0       .59038E+01    
150.0       .60040E+01    
151.0       .61074E+01    
152.0       .62152E+01    
153.0       .63283E+01    
154.0       .64479E+01    
155.0       .65752E+01    
156.0       .67115E+01    
157.0       .68582E+01    
158.0       .70167E+01    
159.0       .71884E+01    
160.0       .73746E+01    
161.0       .75765E+01    
162.0       .77951E+01    
163.0       .80310E+01    
164.0       .82845E+01    
165.0       .85552E+01    
166.0       .88422E+01    
167.0       .91439E+01    
168.0       .94576E+01    
169.0       .97801E+01    
170.0       .10107E+02    
171.0       .10433E+02    
172.0       .10752E+02    
173.0       .11057E+02    
174.0       .11341E+02    
175.0       .11598E+02    
176.0       .11819E+02    
177.0       .11999E+02    
178.0       .12131E+02    
179.0       .12213E+02    
180.0       .12240E+02  