 angle               amplitude [mbarn**(1/2)]
                 Real part         Imaginary part

  1.000            2.12072             2.17829
  2.000            2.11804             2.17563
  3.000            2.11356             2.17120
  4.000            2.10730             2.16502
  5.000            2.09925             2.15710
  6.000            2.08941             2.14746
  7.000            2.07779             2.13613
  8.000            2.06440             2.12313
  9.000            2.04924             2.10851
 10.000            2.03234             2.09228
 11.000            2.01372             2.07451
 12.000            1.99340             2.05522
 13.000            1.97141             2.03447
 14.000            1.94780             2.01231
 15.000            1.92262             1.98878
 16.000            1.89590             1.96395
 17.000            1.86772             1.93787
 18.000            1.83813             1.91059
 19.000            1.80719             1.88218
 20.000            1.77498             1.85270
 21.000            1.74156             1.82220
 22.000            1.70702             1.79076
 23.000            1.67143             1.75842
 24.000            1.63486             1.72527
 25.000            1.59741             1.69135
 26.000            1.55915             1.65673
 27.000            1.52016             1.62147
 28.000            1.48052             1.58563
 29.000            1.44032             1.54927
 30.000            1.39963             1.51245
 31.000            1.35853             1.47522
 32.000            1.31710             1.43764
 33.000            1.27542             1.39977
 34.000            1.23355             1.36165
 35.000            1.19157             1.32333
 36.000            1.14955             1.28487
 37.000            1.10756             1.24632
 38.000            1.06566             1.20771
 39.000            1.02392             1.16909
 40.000            0.98239             1.13050
 41.000            0.94113             1.09198
 42.000            0.90021             1.05357
 43.000            0.85966             1.01531
 44.000            0.81955             0.97722
 45.000            0.77993             0.93935
 46.000            0.74083             0.90172
 47.000            0.70230             0.86437
 48.000            0.66439             0.82732
 49.000            0.62714             0.79060
 50.000            0.59058             0.75424
 51.000            0.55475             0.71826
 52.000            0.51968             0.68268
 53.000            0.48540             0.64752
 54.000            0.45195             0.61282
 55.000            0.41935             0.57858
 56.000            0.38763             0.54483
 57.000            0.35681             0.51159
 58.000            0.32692             0.47887
 59.000            0.29798             0.44668
 60.000            0.27000             0.41506
 61.000            0.24301             0.38400
 62.000            0.21702             0.35354
 63.000            0.19204             0.32367
 64.000            0.16810             0.29441
 65.000            0.14520             0.26578
 66.000            0.12335             0.23778
 67.000            0.10257             0.21044
 68.000            0.08286             0.18375
 69.000            0.06423             0.15773
 70.000            0.04669             0.13239
 71.000            0.03023             0.10773
 72.000            0.01487             0.08377
 73.000            0.00061             0.06051
 74.000           -0.01255             0.03796
 75.000           -0.02461             0.01613
 76.000           -0.03557            -0.00498
 77.000           -0.04543            -0.02536
 78.000           -0.05419            -0.04502
 79.000           -0.06185            -0.06393
 80.000           -0.06841            -0.08210
 81.000           -0.07388            -0.09953
 82.000           -0.07827            -0.11621
 83.000           -0.08156            -0.13213
 84.000           -0.08378            -0.14731
 85.000           -0.08491            -0.16173
 86.000           -0.08498            -0.17539
 87.000           -0.08398            -0.18829
 88.000           -0.08191            -0.20043
 89.000           -0.07879            -0.21182
 90.000           -0.07461            -0.22244
 91.000           -0.06939            -0.23230
 92.000           -0.06313            -0.24140
 93.000           -0.05584            -0.24974
 94.000           -0.04751            -0.25732
 95.000           -0.03817            -0.26415
 96.000           -0.02781            -0.27022
 97.000           -0.01644            -0.27553
 98.000           -0.00407            -0.28009
 99.000            0.00930            -0.28391
100.000            0.02365            -0.28697
101.000            0.03898            -0.28930
102.000            0.05529            -0.29088
103.000            0.07255            -0.29173
104.000            0.09077            -0.29184
105.000            0.10993            -0.29123
106.000            0.13002            -0.28990
107.000            0.15103            -0.28785
108.000            0.17295            -0.28509
109.000            0.19576            -0.28162
110.000            0.21946            -0.27746
111.000            0.24402            -0.27260
112.000            0.26943            -0.26706
113.000            0.29568            -0.26085
114.000            0.32275            -0.25397
115.000            0.35061            -0.24643
116.000            0.37924            -0.23824
117.000            0.40864            -0.22941
118.000            0.43877            -0.21995
119.000            0.46961            -0.20988
120.000            0.50113            -0.19919
121.000            0.53331            -0.18791
122.000            0.56612            -0.17605
123.000            0.59954            -0.16361
124.000            0.63353            -0.15061
125.000            0.66807            -0.13707
126.000            0.70311            -0.12299
127.000            0.73863            -0.10840
128.000            0.77459            -0.09330
129.000            0.81096            -0.07772
130.000            0.84769            -0.06166
131.000            0.88476            -0.04516
132.000            0.92211            -0.02821
133.000            0.95971            -0.01085
134.000            0.99753             0.00691
135.000            1.03550             0.02505
136.000            1.07359             0.04355
137.000            1.11176             0.06238
138.000            1.14995             0.08153
139.000            1.18812             0.10096
140.000            1.22622             0.12066
141.000            1.26419             0.14060
142.000            1.30199             0.16074
143.000            1.33956             0.18106
144.000            1.37685             0.20154
145.000            1.41381             0.22214
146.000            1.45037             0.24282
147.000            1.48649             0.26355
148.000            1.52210             0.28431
149.000            1.55714             0.30504
150.000            1.59157             0.32572
151.000            1.62531             0.34630
152.000            1.65832             0.36675
153.000            1.69053             0.38703
154.000            1.72189             0.40708
155.000            1.75234             0.42688
156.000            1.78182             0.44637
157.000            1.81029             0.46552
158.000            1.83769             0.48428
159.000            1.86397             0.50260
160.000            1.88909             0.52043
161.000            1.91301             0.53775
162.000            1.93569             0.55449
163.000            1.95710             0.57063
164.000            1.97722             0.58610
165.000            1.99602             0.60088
166.000            2.01350             0.61492
167.000            2.02964             0.62818
168.000            2.04445             0.64063
169.000            2.05794             0.65223
170.000            2.07011             0.66293
171.000            2.08100             0.67272
172.000            2.09062             0.68156
173.000            2.09900             0.68943
174.000            2.10618             0.69630
175.000            2.11218             0.70215
176.000            2.11704             0.70696
177.000            2.12079             0.71072
178.000            2.12345             0.71341
179.000            2.12503             0.71503
