angle               amplitude [mbarn**(1/2)]
                 Real part         Imaginary part

  1.000          -16.63470             3.14498
  2.000          -16.63470             3.14498
  3.000          -16.63470             3.14498
  4.000          -16.63471             3.14499
  5.000          -16.63472             3.14499
  6.000          -16.63473             3.14499
  7.000          -16.63474             3.14500
  8.000          -16.63475             3.14500
  9.000          -16.63477             3.14501
 10.000          -16.63479             3.14502
 11.000          -16.63481             3.14502
 12.000          -16.63483             3.14503
 13.000          -16.63485             3.14504
 14.000          -16.63487             3.14505
 15.000          -16.63490             3.14506
 16.000          -16.63492             3.14507
 17.000          -16.63495             3.14508
 18.000          -16.63498             3.14510
 19.000          -16.63501             3.14511
 20.000          -16.63504             3.14512
 21.000          -16.63507             3.14514
 22.000          -16.63510             3.14515
 23.000          -16.63514             3.14517
 24.000          -16.63517             3.14518
 25.000          -16.63521             3.14520
 26.000          -16.63525             3.14521
 27.000          -16.63528             3.14523
 28.000          -16.63532             3.14525
 29.000          -16.63536             3.14527
 30.000          -16.63539             3.14528
 31.000          -16.63543             3.14530
 32.000          -16.63547             3.14532
 33.000          -16.63551             3.14534
 34.000          -16.63555             3.14536
 35.000          -16.63558             3.14538
 36.000          -16.63562             3.14540
 37.000          -16.63566             3.14542
 38.000          -16.63569             3.14544
 39.000          -16.63573             3.14546
 40.000          -16.63576             3.14548
 41.000          -16.63580             3.14550
 42.000          -16.63583             3.14553
 43.000          -16.63586             3.14555
 44.000          -16.63589             3.14557
 45.000          -16.63592             3.14559
 46.000          -16.63594             3.14561
 47.000          -16.63597             3.14563
 48.000          -16.63599             3.14565
 49.000          -16.63602             3.14567
 50.000          -16.63603             3.14570
 51.000          -16.63605             3.14572
 52.000          -16.63607             3.14574
 53.000          -16.63608             3.14576
 54.000          -16.63609             3.14578
 55.000          -16.63610             3.14580
 56.000          -16.63610             3.14582
 57.000          -16.63611             3.14584
 58.000          -16.63611             3.14586
 59.000          -16.63610             3.14588
 60.000          -16.63610             3.14589
 61.000          -16.63609             3.14591
 62.000          -16.63608             3.14593
 63.000          -16.63606             3.14595
 64.000          -16.63604             3.14597
 65.000          -16.63602             3.14598
 66.000          -16.63599             3.14600
 67.000          -16.63597             3.14601
 68.000          -16.63593             3.14603
 69.000          -16.63590             3.14604
 70.000          -16.63586             3.14606
 71.000          -16.63581             3.14607
 72.000          -16.63576             3.14608
 73.000          -16.63571             3.14610
 74.000          -16.63566             3.14611
 75.000          -16.63560             3.14612
 76.000          -16.63553             3.14613
 77.000          -16.63546             3.14614
 78.000          -16.63539             3.14615
 79.000          -16.63532             3.14616
 80.000          -16.63523             3.14616
 81.000          -16.63515             3.14617
 82.000          -16.63506             3.14618
 83.000          -16.63497             3.14618
 84.000          -16.63487             3.14619
 85.000          -16.63477             3.14619
 86.000          -16.63467             3.14619
 87.000          -16.63456             3.14620
 88.000          -16.63444             3.14620
 89.000          -16.63433             3.14620
 90.000          -16.63420             3.14620
 91.000          -16.63408             3.14620
 92.000          -16.63395             3.14620
 93.000          -16.63382             3.14620
 94.000          -16.63368             3.14619
 95.000          -16.63354             3.14619
 96.000          -16.63339             3.14619
 97.000          -16.63325             3.14618
 98.000          -16.63309             3.14618
 99.000          -16.63294             3.14617
100.000          -16.63278             3.14616
101.000          -16.63262             3.14616
102.000          -16.63245             3.14615
103.000          -16.63228             3.14614
104.000          -16.63211             3.14613
105.000          -16.63193             3.14612
106.000          -16.63176             3.14611
107.000          -16.63158             3.14610
108.000          -16.63139             3.14608
109.000          -16.63121             3.14607
110.000          -16.63102             3.14606
111.000          -16.63083             3.14604
112.000          -16.63063             3.14603
113.000          -16.63044             3.14601
114.000          -16.63024             3.14600
115.000          -16.63004             3.14598
116.000          -16.62984             3.14596
117.000          -16.62964             3.14595
118.000          -16.62944             3.14593
119.000          -16.62923             3.14591
120.000          -16.62903             3.14589
121.000          -16.62882             3.14588
122.000          -16.62862             3.14586
123.000          -16.62841             3.14584
124.000          -16.62820             3.14582
125.000          -16.62799             3.14580
126.000          -16.62778             3.14578
127.000          -16.62757             3.14576
128.000          -16.62737             3.14574
129.000          -16.62716             3.14572
130.000          -16.62695             3.14569
131.000          -16.62674             3.14567
132.000          -16.62654             3.14565
133.000          -16.62633             3.14563
134.000          -16.62613             3.14561
135.000          -16.62593             3.14559
136.000          -16.62573             3.14557
137.000          -16.62553             3.14555
138.000          -16.62533             3.14553
139.000          -16.62514             3.14550
140.000          -16.62494             3.14548
141.000          -16.62475             3.14546
142.000          -16.62457             3.14544
143.000          -16.62438             3.14542
144.000          -16.62420             3.14540
145.000          -16.62402             3.14538
146.000          -16.62384             3.14536
147.000          -16.62367             3.14534
148.000          -16.62350             3.14532
149.000          -16.62333             3.14530
150.000          -16.62317             3.14528
151.000          -16.62301             3.14527
152.000          -16.62286             3.14525
153.000          -16.62271             3.14523
154.000          -16.62256             3.14521
155.000          -16.62242             3.14520
156.000          -16.62228             3.14518
157.000          -16.62215             3.14516
158.000          -16.62202             3.14515
159.000          -16.62190             3.14514
160.000          -16.62178             3.14512
161.000          -16.62167             3.14511
162.000          -16.62156             3.14509
163.000          -16.62146             3.14508
164.000          -16.62136             3.14507
165.000          -16.62127             3.14506
166.000          -16.62118             3.14505
167.000          -16.62110             3.14504
168.000          -16.62103             3.14503
169.000          -16.62096             3.14502
170.000          -16.62089             3.14502
171.000          -16.62084             3.14501
172.000          -16.62078             3.14500
173.000          -16.62074             3.14500
174.000          -16.62070             3.14499
175.000          -16.62066             3.14499
176.000          -16.62064             3.14498
177.000          -16.62062             3.14498
178.000          -16.62060             3.14498
179.000          -16.62059             3.14498
