 angle               amplitude [mbarn**(1/2)]
                 Real part         Imaginary part

  1.000           -0.03405             2.10601
  2.000           -0.03169             2.10579
  3.000           -0.02775             2.10542
  4.000           -0.02228             2.10491
  5.000           -0.01529             2.10425
  6.000           -0.00681             2.10344
  7.000            0.00310             2.10250
  8.000            0.01439             2.10140
  9.000            0.02702             2.10017
 10.000            0.04092             2.09879
 11.000            0.05603             2.09728
 12.000            0.07228             2.09562
 13.000            0.08959             2.09382
 14.000            0.10789             2.09189
 15.000            0.12711             2.08982
 16.000            0.14717             2.08762
 17.000            0.16798             2.08529
 18.000            0.18949             2.08282
 19.000            0.21160             2.08023
 20.000            0.23425             2.07751
 21.000            0.25736             2.07467
 22.000            0.28086             2.07170
 23.000            0.30469             2.06862
 24.000            0.32878             2.06541
 25.000            0.35308             2.06209
 26.000            0.37751             2.05866
 27.000            0.40205             2.05511
 28.000            0.42662             2.05146
 29.000            0.45119             2.04770
 30.000            0.47572             2.04383
 31.000            0.50017             2.03987
 32.000            0.52451             2.03581
 33.000            0.54870             2.03164
 34.000            0.57272             2.02739
 35.000            0.59655             2.02305
 36.000            0.62017             2.01861
 37.000            0.64356             2.01409
 38.000            0.66671             2.00949
 39.000            0.68961             2.00481
 40.000            0.71225             2.00005
 41.000            0.73464             1.99521
 42.000            0.75675             1.99030
 43.000            0.77861             1.98532
 44.000            0.80020             1.98028
 45.000            0.82153             1.97517
 46.000            0.84262             1.96999
 47.000            0.86345             1.96476
 48.000            0.88406             1.95947
 49.000            0.90443             1.95412
 50.000            0.92459             1.94872
 51.000            0.94456             1.94328
 52.000            0.96433             1.93778
 53.000            0.98392             1.93224
 54.000            1.00336             1.92665
 55.000            1.02265             1.92103
 56.000            1.04181             1.91536
 57.000            1.06085             1.90966
 58.000            1.07980             1.90393
 59.000            1.09867             1.89816
 60.000            1.11748             1.89237
 61.000            1.13624             1.88654
 62.000            1.15497             1.88069
 63.000            1.17369             1.87482
 64.000            1.19241             1.86892
 65.000            1.21116             1.86301
 66.000            1.22995             1.85707
 67.000            1.24879             1.85112
 68.000            1.26771             1.84516
 69.000            1.28671             1.83918
 70.000            1.30583             1.83319
 71.000            1.32507             1.82719
 72.000            1.34445             1.82118
 73.000            1.36398             1.81517
 74.000            1.38369             1.80915
 75.000            1.40358             1.80313
 76.000            1.42368             1.79710
 77.000            1.44400             1.79108
 78.000            1.46455             1.78505
 79.000            1.48535             1.77903
 80.000            1.50641             1.77301
 81.000            1.52775             1.76700
 82.000            1.54938             1.76099
 83.000            1.57132             1.75499
 84.000            1.59358             1.74900
 85.000            1.61618             1.74302
 86.000            1.63912             1.73705
 87.000            1.66242             1.73109
 88.000            1.68610             1.72515
 89.000            1.71016             1.71921
 90.000            1.73463             1.71330
 91.000            1.75951             1.70740
 92.000            1.78482             1.70152
 93.000            1.81056             1.69565
 94.000            1.83676             1.68981
 95.000            1.86342             1.68399
 96.000            1.89055             1.67818
 97.000            1.91818             1.67240
 98.000            1.94630             1.66665
 99.000            1.97494             1.66091
100.000            2.00411             1.65521
101.000            2.03381             1.64952
102.000            2.06405             1.64387
103.000            2.09486             1.63824
104.000            2.12624             1.63265
105.000            2.15821             1.62708
106.000            2.19077             1.62154
107.000            2.22393             1.61604
108.000            2.25772             1.61056
109.000            2.29213             1.60512
110.000            2.32718             1.59972
111.000            2.36289             1.59435
112.000            2.39925             1.58901
113.000            2.43629             1.58372
114.000            2.47401             1.57846
115.000            2.51243             1.57324
116.000            2.55155             1.56806
117.000            2.59138             1.56292
118.000            2.63193             1.55782
119.000            2.67321             1.55277
120.000            2.71523             1.54776
121.000            2.75800             1.54280
122.000            2.80151             1.53788
123.000            2.84579             1.53301
124.000            2.89083             1.52819
125.000            2.93664             1.52342
126.000            2.98322             1.51870
127.000            3.03057             1.51403
128.000            3.07870             1.50941
129.000            3.12760             1.50485
130.000            3.17727             1.50035
131.000            3.22770             1.49590
132.000            3.27889             1.49151
133.000            3.33083             1.48718
134.000            3.38351             1.48291
135.000            3.43692             1.47870
136.000            3.49103             1.47456
137.000            3.54583             1.47048
138.000            3.60129             1.46647
139.000            3.65739             1.46252
140.000            3.71410             1.45864
141.000            3.77137             1.45484
142.000            3.82918             1.45110
143.000            3.88747             1.44744
144.000            3.94620             1.44386
145.000            4.00530             1.44035
146.000            4.06473             1.43692
147.000            4.12441             1.43356
148.000            4.18428             1.43029
149.000            4.24424             1.42710
150.000            4.30423             1.42400
151.000            4.36415             1.42098
152.000            4.42389             1.41804
153.000            4.48336             1.41519
154.000            4.54245             1.41244
155.000            4.60104             1.40977
156.000            4.65901             1.40720
157.000            4.71622             1.40471
158.000            4.77255             1.40233
159.000            4.82785             1.40004
160.000            4.88198             1.39784
161.000            4.93480             1.39575
162.000            4.98615             1.39375
163.000            5.03588             1.39186
164.000            5.08384             1.39007
165.000            5.12986             1.38838
166.000            5.17380             1.38679
167.000            5.21550             1.38531
168.000            5.25482             1.38394
169.000            5.29160             1.38267
170.000            5.32571             1.38151
171.000            5.35701             1.38046
172.000            5.38539             1.37952
173.000            5.41071             1.37868
174.000            5.43289             1.37796
175.000            5.45181             1.37735
176.000            5.46741             1.37685
177.000            5.47962             1.37645
178.000            5.48838             1.37618
179.000            5.49365             1.37601
