angle               amplitude [mbarn**(1/2)]
                 Real part         Imaginary part

  1.000            0.00006            -0.00003
  2.000            0.00012            -0.00006
  3.000            0.00017            -0.00009
  4.000            0.00023            -0.00012
  5.000            0.00029            -0.00015
  6.000            0.00034            -0.00018
  7.000            0.00040            -0.00021
  8.000            0.00045            -0.00024
  9.000            0.00050            -0.00027
 10.000            0.00056            -0.00030
 11.000            0.00060            -0.00032
 12.000            0.00065            -0.00035
 13.000            0.00070            -0.00038
 14.000            0.00074            -0.00041
 15.000            0.00078            -0.00043
 16.000            0.00082            -0.00046
 17.000            0.00086            -0.00048
 18.000            0.00089            -0.00051
 19.000            0.00092            -0.00053
 20.000            0.00095            -0.00056
 21.000            0.00098            -0.00058
 22.000            0.00100            -0.00060
 23.000            0.00102            -0.00062
 24.000            0.00103            -0.00064
 25.000            0.00104            -0.00066
 26.000            0.00105            -0.00068
 27.000            0.00106            -0.00070
 28.000            0.00106            -0.00072
 29.000            0.00105            -0.00073
 30.000            0.00105            -0.00075
 31.000            0.00104            -0.00076
 32.000            0.00102            -0.00078
 33.000            0.00100            -0.00079
 34.000            0.00098            -0.00080
 35.000            0.00095            -0.00081
 36.000            0.00092            -0.00082
 37.000            0.00089            -0.00083
 38.000            0.00085            -0.00084
 39.000            0.00080            -0.00085
 40.000            0.00075            -0.00085
 41.000            0.00070            -0.00086
 42.000            0.00064            -0.00086
 43.000            0.00058            -0.00086
 44.000            0.00051            -0.00086
 45.000            0.00044            -0.00086
 46.000            0.00037            -0.00086
 47.000            0.00029            -0.00086
 48.000            0.00020            -0.00086
 49.000            0.00012            -0.00086
 50.000            0.00002            -0.00085
 51.000           -0.00007            -0.00085
 52.000           -0.00017            -0.00084
 53.000           -0.00028            -0.00083
 54.000           -0.00039            -0.00082
 55.000           -0.00050            -0.00081
 56.000           -0.00061            -0.00080
 57.000           -0.00073            -0.00079
 58.000           -0.00086            -0.00078
 59.000           -0.00098            -0.00076
 60.000           -0.00111            -0.00075
 61.000           -0.00125            -0.00073
 62.000           -0.00138            -0.00072
 63.000           -0.00152            -0.00070
 64.000           -0.00167            -0.00068
 65.000           -0.00181            -0.00066
 66.000           -0.00196            -0.00064
 67.000           -0.00211            -0.00062
 68.000           -0.00226            -0.00060
 69.000           -0.00242            -0.00058
 70.000           -0.00258            -0.00056
 71.000           -0.00274            -0.00053
 72.000           -0.00290            -0.00051
 73.000           -0.00306            -0.00048
 74.000           -0.00323            -0.00046
 75.000           -0.00339            -0.00043
 76.000           -0.00356            -0.00041
 77.000           -0.00372            -0.00038
 78.000           -0.00389            -0.00035
 79.000           -0.00406            -0.00032
 80.000           -0.00423            -0.00030
 81.000           -0.00440            -0.00027
 82.000           -0.00457            -0.00024
 83.000           -0.00474            -0.00021
 84.000           -0.00490            -0.00018
 85.000           -0.00507            -0.00015
 86.000           -0.00524            -0.00012
 87.000           -0.00540            -0.00009
 88.000           -0.00557            -0.00006
 89.000           -0.00573            -0.00003
 90.000           -0.00589            -0.00000
 91.000           -0.00605             0.00003
 92.000           -0.00621             0.00006
 93.000           -0.00637             0.00009
 94.000           -0.00652             0.00012
 95.000           -0.00667             0.00015
 96.000           -0.00682             0.00018
 97.000           -0.00696             0.00021
 98.000           -0.00710             0.00024
 99.000           -0.00724             0.00027
100.000           -0.00738             0.00029
101.000           -0.00751             0.00032
102.000           -0.00763             0.00035
103.000           -0.00776             0.00038
104.000           -0.00787             0.00041
105.000           -0.00799             0.00043
106.000           -0.00810             0.00046
107.000           -0.00820             0.00048
108.000           -0.00830             0.00051
109.000           -0.00840             0.00053
110.000           -0.00849             0.00055
111.000           -0.00857             0.00058
112.000           -0.00865             0.00060
113.000           -0.00873             0.00062
114.000           -0.00880             0.00064
115.000           -0.00886             0.00066
116.000           -0.00891             0.00068
117.000           -0.00896             0.00070
118.000           -0.00901             0.00072
119.000           -0.00905             0.00073
120.000           -0.00908             0.00075
121.000           -0.00910             0.00076
122.000           -0.00912             0.00078
123.000           -0.00913             0.00079
124.000           -0.00914             0.00080
125.000           -0.00914             0.00081
126.000           -0.00913             0.00082
127.000           -0.00912             0.00083
128.000           -0.00910             0.00084
129.000           -0.00907             0.00084
130.000           -0.00903             0.00085
131.000           -0.00899             0.00086
132.000           -0.00894             0.00086
133.000           -0.00889             0.00086
134.000           -0.00882             0.00086
135.000           -0.00875             0.00086
136.000           -0.00868             0.00086
137.000           -0.00859             0.00086
138.000           -0.00850             0.00086
139.000           -0.00841             0.00086
140.000           -0.00830             0.00085
141.000           -0.00819             0.00084
142.000           -0.00808             0.00084
143.000           -0.00795             0.00083
144.000           -0.00783             0.00082
145.000           -0.00769             0.00081
146.000           -0.00755             0.00080
147.000           -0.00740             0.00079
148.000           -0.00724             0.00078
149.000           -0.00708             0.00076
150.000           -0.00692             0.00075
151.000           -0.00674             0.00073
152.000           -0.00657             0.00072
153.000           -0.00638             0.00070
154.000           -0.00620             0.00068
155.000           -0.00600             0.00066
156.000           -0.00580             0.00064
157.000           -0.00560             0.00062
158.000           -0.00539             0.00060
159.000           -0.00518             0.00058
160.000           -0.00496             0.00056
161.000           -0.00474             0.00053
162.000           -0.00451             0.00051
163.000           -0.00428             0.00048
164.000           -0.00405             0.00046
165.000           -0.00382             0.00043
166.000           -0.00358             0.00041
167.000           -0.00333             0.00038
168.000           -0.00309             0.00035
169.000           -0.00284             0.00032
170.000           -0.00259             0.00030
171.000           -0.00234             0.00027
172.000           -0.00208             0.00024
173.000           -0.00183             0.00021
174.000           -0.00157             0.00018
175.000           -0.00131             0.00015
176.000           -0.00105             0.00012
177.000           -0.00079             0.00009
178.000           -0.00053             0.00006
179.000           -0.00026             0.00003
