angle               amplitude [mbarn**(1/2)]
                 Real part         Imaginary part

  1.000            0.00953            -0.00652
  2.000            0.01908            -0.01303
  3.000            0.02869            -0.01953
  4.000            0.03837            -0.02601
  5.000            0.04814            -0.03245
  6.000            0.05804            -0.03886
  7.000            0.06806            -0.04523
  8.000            0.07824            -0.05154
  9.000            0.08857            -0.05779
 10.000            0.09908            -0.06398
 11.000            0.10975            -0.07010
 12.000            0.12060            -0.07614
 13.000            0.13162            -0.08209
 14.000            0.14279            -0.08795
 15.000            0.15412            -0.09371
 16.000            0.16558            -0.09937
 17.000            0.17716            -0.10492
 18.000            0.18883            -0.11035
 19.000            0.20056            -0.11566
 20.000            0.21233            -0.12085
 21.000            0.22410            -0.12590
 22.000            0.23583            -0.13082
 23.000            0.24750            -0.13560
 24.000            0.25905            -0.14023
 25.000            0.27046            -0.14471
 26.000            0.28167            -0.14904
 27.000            0.29264            -0.15322
 28.000            0.30334            -0.15723
 29.000            0.31371            -0.16108
 30.000            0.32371            -0.16476
 31.000            0.33330            -0.16828
 32.000            0.34243            -0.17162
 33.000            0.35107            -0.17479
 34.000            0.35917            -0.17779
 35.000            0.36669            -0.18061
 36.000            0.37359            -0.18325
 37.000            0.37983            -0.18571
 38.000            0.38539            -0.18799
 39.000            0.39022            -0.19008
 40.000            0.39430            -0.19200
 41.000            0.39760            -0.19373
 42.000            0.40009            -0.19528
 43.000            0.40174            -0.19665
 44.000            0.40253            -0.19783
 45.000            0.40245            -0.19884
 46.000            0.40148            -0.19966
 47.000            0.39960            -0.20030
 48.000            0.39679            -0.20076
 49.000            0.39306            -0.20104
 50.000            0.38838            -0.20114
 51.000            0.38277            -0.20107
 52.000            0.37621            -0.20082
 53.000            0.36870            -0.20040
 54.000            0.36025            -0.19981
 55.000            0.35086            -0.19905
 56.000            0.34053            -0.19812
 57.000            0.32929            -0.19702
 58.000            0.31713            -0.19577
 59.000            0.30407            -0.19435
 60.000            0.29012            -0.19277
 61.000            0.27531            -0.19103
 62.000            0.25965            -0.18915
 63.000            0.24317            -0.18711
 64.000            0.22588            -0.18492
 65.000            0.20782            -0.18259
 66.000            0.18900            -0.18011
 67.000            0.16946            -0.17750
 68.000            0.14922            -0.17475
 69.000            0.12832            -0.17186
 70.000            0.10680            -0.16885
 71.000            0.08467            -0.16571
 72.000            0.06199            -0.16245
 73.000            0.03878            -0.15906
 74.000            0.01508            -0.15556
 75.000           -0.00906            -0.15195
 76.000           -0.03361            -0.14822
 77.000           -0.05853            -0.14439
 78.000           -0.08377            -0.14046
 79.000           -0.10930            -0.13643
 80.000           -0.13507            -0.13230
 81.000           -0.16103            -0.12808
 82.000           -0.18714            -0.12378
 83.000           -0.21336            -0.11939
 84.000           -0.23964            -0.11492
 85.000           -0.26593            -0.11038
 86.000           -0.29220            -0.10577
 87.000           -0.31839            -0.10109
 88.000           -0.34445            -0.09635
 89.000           -0.37035            -0.09155
 90.000           -0.39603            -0.08670
 91.000           -0.42145            -0.08180
 92.000           -0.44656            -0.07686
 93.000           -0.47132            -0.07188
 94.000           -0.49568            -0.06686
 95.000           -0.51960            -0.06182
 96.000           -0.54303            -0.05675
 97.000           -0.56593            -0.05166
 98.000           -0.58826            -0.04656
 99.000           -0.60997            -0.04144
100.000           -0.63103            -0.03633
101.000           -0.65138            -0.03121
102.000           -0.67100            -0.02611
103.000           -0.68985            -0.02101
104.000           -0.70789            -0.01593
105.000           -0.72508            -0.01088
106.000           -0.74138            -0.00586
107.000           -0.75678            -0.00087
108.000           -0.77122             0.00408
109.000           -0.78470             0.00898
110.000           -0.79717             0.01383
111.000           -0.80861             0.01863
112.000           -0.81900             0.02335
113.000           -0.82831             0.02801
114.000           -0.83653             0.03260
115.000           -0.84363             0.03710
116.000           -0.84960             0.04152
117.000           -0.85443             0.04584
118.000           -0.85810             0.05006
119.000           -0.86061             0.05419
120.000           -0.86196             0.05820
121.000           -0.86212             0.06209
122.000           -0.86112             0.06587
123.000           -0.85894             0.06951
124.000           -0.85559             0.07303
125.000           -0.85108             0.07641
126.000           -0.84542             0.07965
127.000           -0.83863             0.08274
128.000           -0.83072             0.08568
129.000           -0.82170             0.08846
130.000           -0.81161             0.09108
131.000           -0.80047             0.09354
132.000           -0.78831             0.09583
133.000           -0.77515             0.09794
134.000           -0.76105             0.09988
135.000           -0.74603             0.10164
136.000           -0.73013             0.10321
137.000           -0.71341             0.10460
138.000           -0.69591             0.10580
139.000           -0.67769             0.10681
140.000           -0.65879             0.10763
141.000           -0.63927             0.10825
142.000           -0.61919             0.10868
143.000           -0.59862             0.10891
144.000           -0.57761             0.10894
145.000           -0.55624             0.10877
146.000           -0.53457             0.10840
147.000           -0.51267             0.10783
148.000           -0.49061             0.10707
149.000           -0.46846             0.10611
150.000           -0.44629             0.10495
151.000           -0.42417             0.10360
152.000           -0.40218             0.10206
153.000           -0.38037             0.10033
154.000           -0.35882             0.09841
155.000           -0.33760             0.09630
156.000           -0.31676             0.09402
157.000           -0.29636             0.09156
158.000           -0.27647             0.08893
159.000           -0.25713             0.08613
160.000           -0.23838             0.08317
161.000           -0.22027             0.08005
162.000           -0.20284             0.07678
163.000           -0.18610             0.07336
164.000           -0.17009             0.06981
165.000           -0.15481             0.06612
166.000           -0.14027             0.06230
167.000           -0.12648             0.05836
168.000           -0.11342             0.05432
169.000           -0.10107             0.05017
170.000           -0.08941             0.04592
171.000           -0.07840             0.04158
172.000           -0.06801             0.03717
173.000           -0.05819             0.03268
174.000           -0.04887             0.02813
175.000           -0.04001             0.02353
176.000           -0.03153             0.01887
177.000           -0.02337             0.01419
178.000           -0.01545             0.00947
179.000           -0.00768             0.00474
