 angle               amplitude [mbarn**(1/2)]
                 Real part         Imaginary part

  1.000            0.03150            -0.00856
  2.000            0.06317            -0.01709
  3.000            0.09516            -0.02557
  4.000            0.12761            -0.03398
  5.000            0.16066            -0.04229
  6.000            0.19439            -0.05049
  7.000            0.22886            -0.05854
  8.000            0.26412            -0.06642
  9.000            0.30017            -0.07412
 10.000            0.33697            -0.08162
 11.000            0.37447            -0.08889
 12.000            0.41260            -0.09591
 13.000            0.45124            -0.10267
 14.000            0.49029            -0.10916
 15.000            0.52961            -0.11536
 16.000            0.56906            -0.12125
 17.000            0.60850            -0.12683
 18.000            0.64777            -0.13208
 19.000            0.68675            -0.13699
 20.000            0.72527            -0.14156
 21.000            0.76321            -0.14578
 22.000            0.80043            -0.14965
 23.000            0.83681            -0.15316
 24.000            0.87223            -0.15631
 25.000            0.90658            -0.15909
 26.000            0.93977            -0.16152
 27.000            0.97171            -0.16359
 28.000            1.00231            -0.16530
 29.000            1.03151            -0.16666
 30.000            1.05925            -0.16768
 31.000            1.08547            -0.16835
 32.000            1.11013            -0.16869
 33.000            1.13318            -0.16870
 34.000            1.15460            -0.16839
 35.000            1.17437            -0.16778
 36.000            1.19246            -0.16686
 37.000            1.20887            -0.16566
 38.000            1.22359            -0.16418
 39.000            1.23663            -0.16243
 40.000            1.24798            -0.16042
 41.000            1.25765            -0.15818
 42.000            1.26567            -0.15570
 43.000            1.27204            -0.15300
 44.000            1.27678            -0.15009
 45.000            1.27993            -0.14698
 46.000            1.28150            -0.14370
 47.000            1.28152            -0.14024
 48.000            1.28002            -0.13662
 49.000            1.27704            -0.13285
 50.000            1.27261            -0.12894
 51.000            1.26675            -0.12491
 52.000            1.25951            -0.12076
 53.000            1.25092            -0.11651
 54.000            1.24102            -0.11216
 55.000            1.22984            -0.10773
 56.000            1.21741            -0.10322
 57.000            1.20378            -0.09864
 58.000            1.18898            -0.09400
 59.000            1.17305            -0.08931
 60.000            1.15602            -0.08458
 61.000            1.13792            -0.07981
 62.000            1.11880            -0.07501
 63.000            1.09868            -0.07018
 64.000            1.07760            -0.06534
 65.000            1.05559            -0.06048
 66.000            1.03269            -0.05561
 67.000            1.00892            -0.05073
 68.000            0.98433            -0.04585
 69.000            0.95894            -0.04097
 70.000            0.93278            -0.03609
 71.000            0.90589            -0.03121
 72.000            0.87830            -0.02634
 73.000            0.85004            -0.02148
 74.000            0.82114            -0.01662
 75.000            0.79164            -0.01176
 76.000            0.76156            -0.00691
 77.000            0.73094            -0.00207
 78.000            0.69981             0.00277
 79.000            0.66820             0.00761
 80.000            0.63616             0.01245
 81.000            0.60370             0.01729
 82.000            0.57086             0.02214
 83.000            0.53768             0.02700
 84.000            0.50420             0.03186
 85.000            0.47044             0.03674
 86.000            0.43645             0.04164
 87.000            0.40225             0.04656
 88.000            0.36789             0.05151
 89.000            0.33340             0.05648
 90.000            0.29881             0.06149
 91.000            0.26417             0.06653
 92.000            0.22950             0.07160
 93.000            0.19485             0.07672
 94.000            0.16025             0.08188
 95.000            0.12574             0.08709
 96.000            0.09135             0.09235
 97.000            0.05713             0.09765
 98.000            0.02310             0.10301
 99.000           -0.01069             0.10842
100.000           -0.04421             0.11389
101.000           -0.07743             0.11941
102.000           -0.11030             0.12498
103.000           -0.14279             0.13061
104.000           -0.17486             0.13628
105.000           -0.20648             0.14201
106.000           -0.23761             0.14778
107.000           -0.26821             0.15360
108.000           -0.29825             0.15946
109.000           -0.32769             0.16535
110.000           -0.35650             0.17127
111.000           -0.38463             0.17722
112.000           -0.41204             0.18318
113.000           -0.43870             0.18915
114.000           -0.46458             0.19512
115.000           -0.48962             0.20109
116.000           -0.51380             0.20704
117.000           -0.53706             0.21297
118.000           -0.55938             0.21885
119.000           -0.58070             0.22469
120.000           -0.60099             0.23048
121.000           -0.62021             0.23618
122.000           -0.63831             0.24181
123.000           -0.65525             0.24733
124.000           -0.67099             0.25274
125.000           -0.68550             0.25803
126.000           -0.69872             0.26317
127.000           -0.71061             0.26815
128.000           -0.72115             0.27296
129.000           -0.73028             0.27758
130.000           -0.73797             0.28200
131.000           -0.74418             0.28619
132.000           -0.74889             0.29014
133.000           -0.75206             0.29384
134.000           -0.75366             0.29726
135.000           -0.75366             0.30039
136.000           -0.75204             0.30321
137.000           -0.74879             0.30571
138.000           -0.74389             0.30787
139.000           -0.73733             0.30967
140.000           -0.72911             0.31110
141.000           -0.71923             0.31213
142.000           -0.70770             0.31277
143.000           -0.69454             0.31298
144.000           -0.67976             0.31276
145.000           -0.66340             0.31209
146.000           -0.64550             0.31097
147.000           -0.62611             0.30937
148.000           -0.60529             0.30729
149.000           -0.58311             0.30473
150.000           -0.55965             0.30166
151.000           -0.53499             0.29809
152.000           -0.50926             0.29401
153.000           -0.48256             0.28942
154.000           -0.45502             0.28431
155.000           -0.42679             0.27867
156.000           -0.39802             0.27252
157.000           -0.36889             0.26585
158.000           -0.33957             0.25867
159.000           -0.31026             0.25099
160.000           -0.28117             0.24280
161.000           -0.25251             0.23412
162.000           -0.22449             0.22496
163.000           -0.19734             0.21533
164.000           -0.17129             0.20525
165.000           -0.14655             0.19473
166.000           -0.12334             0.18379
167.000           -0.10184             0.17245
168.000           -0.08223             0.16073
169.000           -0.06465             0.14865
170.000           -0.04920             0.13624
171.000           -0.03596             0.12353
172.000           -0.02494             0.11053
173.000           -0.01610             0.09728
174.000           -0.00933             0.08380
175.000           -0.00450             0.07014
176.000           -0.00137             0.05631
177.000            0.00030             0.04234
178.000            0.00085             0.02828
179.000            0.00062             0.01416
