angle               amplitude [mbarn**(1/2)]
                 Real part         Imaginary part

  1.000           -0.01339             0.00251
  2.000           -0.02673             0.00501
  3.000           -0.03999             0.00750
  4.000           -0.05313             0.00997
  5.000           -0.06611             0.01243
  6.000           -0.07889             0.01486
  7.000           -0.09145             0.01726
  8.000           -0.10374             0.01962
  9.000           -0.11574             0.02195
 10.000           -0.12743             0.02423
 11.000           -0.13880             0.02647
 12.000           -0.14981             0.02865
 13.000           -0.16047             0.03078
 14.000           -0.17077             0.03285
 15.000           -0.18070             0.03485
 16.000           -0.19026             0.03679
 17.000           -0.19946             0.03865
 18.000           -0.20832             0.04045
 19.000           -0.21684             0.04217
 20.000           -0.22504             0.04380
 21.000           -0.23294             0.04536
 22.000           -0.24056             0.04684
 23.000           -0.24794             0.04823
 24.000           -0.25509             0.04953
 25.000           -0.26206             0.05075
 26.000           -0.26886             0.05187
 27.000           -0.27553             0.05291
 28.000           -0.28211             0.05386
 29.000           -0.28864             0.05471
 30.000           -0.29513             0.05548
 31.000           -0.30165             0.05615
 32.000           -0.30821             0.05674
 33.000           -0.31485             0.05723
 34.000           -0.32160             0.05764
 35.000           -0.32851             0.05795
 36.000           -0.33560             0.05818
 37.000           -0.34290             0.05833
 38.000           -0.35045             0.05839
 39.000           -0.35827             0.05837
 40.000           -0.36639             0.05828
 41.000           -0.37483             0.05810
 42.000           -0.38361             0.05785
 43.000           -0.39277             0.05753
 44.000           -0.40231             0.05713
 45.000           -0.41226             0.05667
 46.000           -0.42263             0.05615
 47.000           -0.43344             0.05556
 48.000           -0.44469             0.05492
 49.000           -0.45640             0.05422
 50.000           -0.46857             0.05347
 51.000           -0.48121             0.05267
 52.000           -0.49433             0.05183
 53.000           -0.50791             0.05095
 54.000           -0.52198             0.05002
 55.000           -0.53651             0.04907
 56.000           -0.55151             0.04808
 57.000           -0.56697             0.04706
 58.000           -0.58288             0.04602
 59.000           -0.59924             0.04496
 60.000           -0.61602             0.04388
 61.000           -0.63323             0.04278
 62.000           -0.65083             0.04168
 63.000           -0.66883             0.04057
 64.000           -0.68719             0.03945
 65.000           -0.70590             0.03833
 66.000           -0.72494             0.03721
 67.000           -0.74428             0.03609
 68.000           -0.76391             0.03499
 69.000           -0.78379             0.03389
 70.000           -0.80391             0.03280
 71.000           -0.82422             0.03173
 72.000           -0.84472             0.03067
 73.000           -0.86535             0.02963
 74.000           -0.88611             0.02862
 75.000           -0.90694             0.02762
 76.000           -0.92783             0.02665
 77.000           -0.94873             0.02571
 78.000           -0.96962             0.02479
 79.000           -0.99046             0.02391
 80.000           -1.01122             0.02305
 81.000           -1.03185             0.02223
 82.000           -1.05233             0.02143
 83.000           -1.07262             0.02067
 84.000           -1.09267             0.01995
 85.000           -1.11246             0.01926
 86.000           -1.13195             0.01860
 87.000           -1.15109             0.01798
 88.000           -1.16986             0.01739
 89.000           -1.18821             0.01684
 90.000           -1.20610             0.01633
 91.000           -1.22351             0.01585
 92.000           -1.24039             0.01540
 93.000           -1.25670             0.01499
 94.000           -1.27242             0.01461
 95.000           -1.28749             0.01426
 96.000           -1.30190             0.01395
 97.000           -1.31561             0.01367
 98.000           -1.32857             0.01341
 99.000           -1.34076             0.01319
100.000           -1.35215             0.01300
101.000           -1.36269             0.01283
102.000           -1.37238             0.01269
103.000           -1.38116             0.01257
104.000           -1.38903             0.01247
105.000           -1.39594             0.01240
106.000           -1.40187             0.01235
107.000           -1.40680             0.01231
108.000           -1.41071             0.01229
109.000           -1.41357             0.01229
110.000           -1.41536             0.01230
111.000           -1.41607             0.01233
112.000           -1.41569             0.01237
113.000           -1.41418             0.01241
114.000           -1.41155             0.01247
115.000           -1.40778             0.01253
116.000           -1.40287             0.01259
117.000           -1.39680             0.01266
118.000           -1.38958             0.01274
119.000           -1.38119             0.01281
120.000           -1.37165             0.01288
121.000           -1.36095             0.01295
122.000           -1.34910             0.01302
123.000           -1.33611             0.01308
124.000           -1.32199             0.01314
125.000           -1.30675             0.01319
126.000           -1.29041             0.01324
127.000           -1.27298             0.01327
128.000           -1.25450             0.01330
129.000           -1.23497             0.01332
130.000           -1.21444             0.01333
131.000           -1.19293             0.01332
132.000           -1.17048             0.01331
133.000           -1.14711             0.01328
134.000           -1.12288             0.01324
135.000           -1.09782             0.01318
136.000           -1.07198             0.01311
137.000           -1.04541             0.01303
138.000           -1.01816             0.01294
139.000           -0.99028             0.01283
140.000           -0.96182             0.01270
141.000           -0.93286             0.01256
142.000           -0.90344             0.01241
143.000           -0.87363             0.01225
144.000           -0.84350             0.01207
145.000           -0.81312             0.01188
146.000           -0.78254             0.01167
147.000           -0.75185             0.01145
148.000           -0.72111             0.01122
149.000           -0.69038             0.01098
150.000           -0.65975             0.01073
151.000           -0.62928             0.01046
152.000           -0.59905             0.01019
153.000           -0.56911             0.00990
154.000           -0.53953             0.00961
155.000           -0.51039             0.00930
156.000           -0.48173             0.00899
157.000           -0.45362             0.00867
158.000           -0.42611             0.00834
159.000           -0.39925             0.00800
160.000           -0.37307             0.00766
161.000           -0.34763             0.00731
162.000           -0.32295             0.00695
163.000           -0.29905             0.00659
164.000           -0.27595             0.00623
165.000           -0.25367             0.00586
166.000           -0.23220             0.00548
167.000           -0.21154             0.00510
168.000           -0.19168             0.00472
169.000           -0.17259             0.00434
170.000           -0.15424             0.00395
171.000           -0.13661             0.00356
172.000           -0.11963             0.00317
173.000           -0.10326             0.00278
174.000           -0.08744             0.00238
175.000           -0.07210             0.00199
176.000           -0.05718             0.00159
177.000           -0.04258             0.00120
178.000           -0.02825             0.00080
179.000           -0.01408             0.00040
