 angle               amplitude [mbarn**(1/2)]
                 Real part         Imaginary part

  1.000            0.00003            -0.00003
  2.000            0.00006            -0.00006
  3.000            0.00010            -0.00009
  4.000            0.00013            -0.00012
  5.000            0.00016            -0.00015
  6.000            0.00019            -0.00018
  7.000            0.00022            -0.00021
  8.000            0.00025            -0.00024
  9.000            0.00027            -0.00027
 10.000            0.00030            -0.00030
 11.000            0.00032            -0.00032
 12.000            0.00034            -0.00035
 13.000            0.00036            -0.00038
 14.000            0.00038            -0.00041
 15.000            0.00040            -0.00043
 16.000            0.00041            -0.00046
 17.000            0.00042            -0.00048
 18.000            0.00043            -0.00051
 19.000            0.00044            -0.00053
 20.000            0.00044            -0.00055
 21.000            0.00045            -0.00058
 22.000            0.00044            -0.00060
 23.000            0.00044            -0.00062
 24.000            0.00043            -0.00064
 25.000            0.00042            -0.00066
 26.000            0.00040            -0.00068
 27.000            0.00039            -0.00070
 28.000            0.00036            -0.00072
 29.000            0.00034            -0.00073
 30.000            0.00031            -0.00075
 31.000            0.00028            -0.00076
 32.000            0.00024            -0.00078
 33.000            0.00020            -0.00079
 34.000            0.00016            -0.00080
 35.000            0.00011            -0.00081
 36.000            0.00006            -0.00082
 37.000            0.00000            -0.00083
 38.000           -0.00006            -0.00084
 39.000           -0.00012            -0.00084
 40.000           -0.00019            -0.00085
 41.000           -0.00026            -0.00085
 42.000           -0.00034            -0.00086
 43.000           -0.00042            -0.00086
 44.000           -0.00051            -0.00086
 45.000           -0.00060            -0.00086
 46.000           -0.00069            -0.00086
 47.000           -0.00078            -0.00086
 48.000           -0.00089            -0.00086
 49.000           -0.00099            -0.00085
 50.000           -0.00110            -0.00085
 51.000           -0.00121            -0.00084
 52.000           -0.00133            -0.00084
 53.000           -0.00145            -0.00083
 54.000           -0.00157            -0.00082
 55.000           -0.00170            -0.00081
 56.000           -0.00183            -0.00080
 57.000           -0.00196            -0.00079
 58.000           -0.00210            -0.00078
 59.000           -0.00224            -0.00076
 60.000           -0.00238            -0.00075
 61.000           -0.00252            -0.00073
 62.000           -0.00267            -0.00072
 63.000           -0.00282            -0.00070
 64.000           -0.00298            -0.00068
 65.000           -0.00313            -0.00066
 66.000           -0.00329            -0.00064
 67.000           -0.00345            -0.00062
 68.000           -0.00362            -0.00060
 69.000           -0.00378            -0.00058
 70.000           -0.00394            -0.00055
 71.000           -0.00411            -0.00053
 72.000           -0.00428            -0.00051
 73.000           -0.00445            -0.00048
 74.000           -0.00462            -0.00046
 75.000           -0.00479            -0.00043
 76.000           -0.00496            -0.00040
 77.000           -0.00514            -0.00038
 78.000           -0.00531            -0.00035
 79.000           -0.00548            -0.00032
 80.000           -0.00566            -0.00029
 81.000           -0.00583            -0.00027
 82.000           -0.00600            -0.00024
 83.000           -0.00617            -0.00021
 84.000           -0.00634            -0.00018
 85.000           -0.00651            -0.00015
 86.000           -0.00668            -0.00012
 87.000           -0.00684            -0.00009
 88.000           -0.00701            -0.00006
 89.000           -0.00717            -0.00003
 90.000           -0.00733             0.00000
 91.000           -0.00749             0.00003
 92.000           -0.00765             0.00006
 93.000           -0.00780             0.00009
 94.000           -0.00795             0.00012
 95.000           -0.00810             0.00015
 96.000           -0.00825             0.00018
 97.000           -0.00839             0.00021
 98.000           -0.00852             0.00024
 99.000           -0.00866             0.00027
100.000           -0.00879             0.00030
101.000           -0.00891             0.00032
102.000           -0.00903             0.00035
103.000           -0.00915             0.00038
104.000           -0.00926             0.00041
105.000           -0.00937             0.00043
106.000           -0.00947             0.00046
107.000           -0.00957             0.00048
108.000           -0.00966             0.00051
109.000           -0.00975             0.00053
110.000           -0.00983             0.00056
111.000           -0.00991             0.00058
112.000           -0.00998             0.00060
113.000           -0.01004             0.00062
114.000           -0.01010             0.00064
115.000           -0.01015             0.00066
116.000           -0.01020             0.00068
117.000           -0.01023             0.00070
118.000           -0.01027             0.00072
119.000           -0.01029             0.00073
120.000           -0.01031             0.00075
121.000           -0.01032             0.00076
122.000           -0.01033             0.00078
123.000           -0.01033             0.00079
124.000           -0.01032             0.00080
125.000           -0.01030             0.00081
126.000           -0.01028             0.00082
127.000           -0.01025             0.00083
128.000           -0.01021             0.00084
129.000           -0.01017             0.00084
130.000           -0.01012             0.00085
131.000           -0.01006             0.00086
132.000           -0.00999             0.00086
133.000           -0.00992             0.00086
134.000           -0.00984             0.00086
135.000           -0.00975             0.00086
136.000           -0.00966             0.00086
137.000           -0.00956             0.00086
138.000           -0.00945             0.00086
139.000           -0.00933             0.00086
140.000           -0.00921             0.00085
141.000           -0.00908             0.00084
142.000           -0.00895             0.00084
143.000           -0.00880             0.00083
144.000           -0.00865             0.00082
145.000           -0.00850             0.00081
146.000           -0.00833             0.00080
147.000           -0.00817             0.00079
148.000           -0.00799             0.00078
149.000           -0.00781             0.00076
150.000           -0.00762             0.00075
151.000           -0.00743             0.00073
152.000           -0.00723             0.00072
153.000           -0.00702             0.00070
154.000           -0.00681             0.00068
155.000           -0.00660             0.00066
156.000           -0.00638             0.00064
157.000           -0.00615             0.00062
158.000           -0.00592             0.00060
159.000           -0.00568             0.00058
160.000           -0.00544             0.00056
161.000           -0.00520             0.00053
162.000           -0.00495             0.00051
163.000           -0.00470             0.00048
164.000           -0.00444             0.00046
165.000           -0.00418             0.00043
166.000           -0.00392             0.00041
167.000           -0.00365             0.00038
168.000           -0.00338             0.00035
169.000           -0.00311             0.00032
170.000           -0.00284             0.00030
171.000           -0.00256             0.00027
172.000           -0.00228             0.00024
173.000           -0.00200             0.00021
174.000           -0.00172             0.00018
175.000           -0.00143             0.00015
176.000           -0.00115             0.00012
177.000           -0.00086             0.00009
178.000           -0.00057             0.00006
179.000           -0.00029             0.00003
