 angle               amplitude [mbarn**(1/2)]
                 Real part         Imaginary part

  1.000          -16.64203             3.14987
  2.000          -16.64203             3.14986
  3.000          -16.64202             3.14986
  4.000          -16.64200             3.14985
  5.000          -16.64198             3.14985
  6.000          -16.64196             3.14984
  7.000          -16.64193             3.14983
  8.000          -16.64190             3.14982
  9.000          -16.64186             3.14981
 10.000          -16.64182             3.14979
 11.000          -16.64177             3.14978
 12.000          -16.64172             3.14976
 13.000          -16.64167             3.14974
 14.000          -16.64162             3.14972
 15.000          -16.64156             3.14970
 16.000          -16.64149             3.14968
 17.000          -16.64143             3.14966
 18.000          -16.64136             3.14963
 19.000          -16.64128             3.14961
 20.000          -16.64121             3.14958
 21.000          -16.64113             3.14955
 22.000          -16.64105             3.14952
 23.000          -16.64096             3.14949
 24.000          -16.64088             3.14946
 25.000          -16.64079             3.14943
 26.000          -16.64070             3.14940
 27.000          -16.64061             3.14936
 28.000          -16.64051             3.14933
 29.000          -16.64042             3.14929
 30.000          -16.64032             3.14925
 31.000          -16.64023             3.14922
 32.000          -16.64013             3.14918
 33.000          -16.64003             3.14914
 34.000          -16.63993             3.14910
 35.000          -16.63984             3.14906
 36.000          -16.63974             3.14902
 37.000          -16.63964             3.14898
 38.000          -16.63955             3.14894
 39.000          -16.63945             3.14890
 40.000          -16.63935             3.14886
 41.000          -16.63926             3.14881
 42.000          -16.63917             3.14877
 43.000          -16.63908             3.14873
 44.000          -16.63899             3.14869
 45.000          -16.63891             3.14864
 46.000          -16.63882             3.14860
 47.000          -16.63874             3.14856
 48.000          -16.63867             3.14852
 49.000          -16.63859             3.14847
 50.000          -16.63852             3.14843
 51.000          -16.63845             3.14839
 52.000          -16.63839             3.14835
 53.000          -16.63833             3.14831
 54.000          -16.63828             3.14827
 55.000          -16.63823             3.14823
 56.000          -16.63818             3.14819
 57.000          -16.63814             3.14815
 58.000          -16.63811             3.14811
 59.000          -16.63808             3.14807
 60.000          -16.63805             3.14803
 61.000          -16.63803             3.14800
 62.000          -16.63802             3.14796
 63.000          -16.63801             3.14793
 64.000          -16.63801             3.14789
 65.000          -16.63802             3.14786
 66.000          -16.63803             3.14783
 67.000          -16.63805             3.14779
 68.000          -16.63808             3.14776
 69.000          -16.63811             3.14774
 70.000          -16.63815             3.14771
 71.000          -16.63820             3.14768
 72.000          -16.63825             3.14765
 73.000          -16.63832             3.14763
 74.000          -16.63839             3.14761
 75.000          -16.63847             3.14758
 76.000          -16.63855             3.14756
 77.000          -16.63864             3.14754
 78.000          -16.63875             3.14753
 79.000          -16.63886             3.14751
 80.000          -16.63897             3.14749
 81.000          -16.63910             3.14748
 82.000          -16.63923             3.14747
 83.000          -16.63938             3.14746
 84.000          -16.63953             3.14745
 85.000          -16.63969             3.14744
 86.000          -16.63985             3.14743
 87.000          -16.64003             3.14743
 88.000          -16.64021             3.14742
 89.000          -16.64040             3.14742
 90.000          -16.64060             3.14742
 91.000          -16.64080             3.14742
 92.000          -16.64102             3.14742
 93.000          -16.64124             3.14743
 94.000          -16.64147             3.14743
 95.000          -16.64171             3.14744
 96.000          -16.64195             3.14745
 97.000          -16.64221             3.14746
 98.000          -16.64247             3.14747
 99.000          -16.64273             3.14748
100.000          -16.64301             3.14749
101.000          -16.64329             3.14751
102.000          -16.64357             3.14753
103.000          -16.64387             3.14754
104.000          -16.64417             3.14756
105.000          -16.64447             3.14758
106.000          -16.64479             3.14761
107.000          -16.64510             3.14763
108.000          -16.64543             3.14765
109.000          -16.64575             3.14768
110.000          -16.64609             3.14771
111.000          -16.64643             3.14773
112.000          -16.64677             3.14776
113.000          -16.64712             3.14779
114.000          -16.64747             3.14782
115.000          -16.64782             3.14786
116.000          -16.64818             3.14789
117.000          -16.64854             3.14792
118.000          -16.64891             3.14796
119.000          -16.64928             3.14799
120.000          -16.64965             3.14803
121.000          -16.65002             3.14807
122.000          -16.65039             3.14811
123.000          -16.65077             3.14815
124.000          -16.65115             3.14818
125.000          -16.65152             3.14822
126.000          -16.65190             3.14826
127.000          -16.65228             3.14831
128.000          -16.65266             3.14835
129.000          -16.65304             3.14839
130.000          -16.65342             3.14843
131.000          -16.65380             3.14847
132.000          -16.65417             3.14851
133.000          -16.65455             3.14856
134.000          -16.65492             3.14860
135.000          -16.65529             3.14864
136.000          -16.65566             3.14868
137.000          -16.65602             3.14873
138.000          -16.65639             3.14877
139.000          -16.65674             3.14881
140.000          -16.65710             3.14885
141.000          -16.65745             3.14890
142.000          -16.65780             3.14894
143.000          -16.65814             3.14898
144.000          -16.65848             3.14902
145.000          -16.65881             3.14906
146.000          -16.65913             3.14910
147.000          -16.65945             3.14914
148.000          -16.65977             3.14918
149.000          -16.66007             3.14922
150.000          -16.66037             3.14925
151.000          -16.66067             3.14929
152.000          -16.66095             3.14933
153.000          -16.66123             3.14936
154.000          -16.66150             3.14939
155.000          -16.66176             3.14943
156.000          -16.66202             3.14946
157.000          -16.66226             3.14949
158.000          -16.66250             3.14952
159.000          -16.66273             3.14955
160.000          -16.66295             3.14958
161.000          -16.66316             3.14960
162.000          -16.66336             3.14963
163.000          -16.66355             3.14965
164.000          -16.66373             3.14968
165.000          -16.66390             3.14970
166.000          -16.66406             3.14972
167.000          -16.66421             3.14974
168.000          -16.66435             3.14976
169.000          -16.66448             3.14977
170.000          -16.66459             3.14979
171.000          -16.66470             3.14980
172.000          -16.66480             3.14982
173.000          -16.66488             3.14983
174.000          -16.66496             3.14984
175.000          -16.66502             3.14985
176.000          -16.66507             3.14985
177.000          -16.66511             3.14986
178.000          -16.66514             3.14986
179.000          -16.66515             3.14986
