 angle               amplitude [mbarn**(1/2)]
                 Real part         Imaginary part

  1.000           -1.89792             8.44791
  2.000           -1.89818             8.44806
  3.000           -1.89863             8.44832
  4.000           -1.89925             8.44867
  5.000           -1.90005             8.44912
  6.000           -1.90103             8.44968
  7.000           -1.90218             8.45033
  8.000           -1.90351             8.45108
  9.000           -1.90500             8.45193
 10.000           -1.90667             8.45287
 11.000           -1.90850             8.45391
 12.000           -1.91050             8.45505
 13.000           -1.91267             8.45627
 14.000           -1.91499             8.45759
 15.000           -1.91747             8.45899
 16.000           -1.92011             8.46049
 17.000           -1.92290             8.46206
 18.000           -1.92584             8.46373
 19.000           -1.92891             8.46547
 20.000           -1.93213             8.46729
 21.000           -1.93549             8.46919
 22.000           -1.93897             8.47116
 23.000           -1.94258             8.47321
 24.000           -1.94631             8.47532
 25.000           -1.95015             8.47750
 26.000           -1.95411             8.47975
 27.000           -1.95817             8.48205
 28.000           -1.96232             8.48442
 29.000           -1.96656             8.48684
 30.000           -1.97089             8.48931
 31.000           -1.97530             8.49183
 32.000           -1.97977             8.49439
 33.000           -1.98431             8.49700
 34.000           -1.98890             8.49965
 35.000           -1.99354             8.50233
 36.000           -1.99822             8.50505
 37.000           -2.00293             8.50779
 38.000           -2.00766             8.51056
 39.000           -2.01241             8.51336
 40.000           -2.01716             8.51617
 41.000           -2.02190             8.51899
 42.000           -2.02663             8.52183
 43.000           -2.03134             8.52467
 44.000           -2.03602             8.52752
 45.000           -2.04065             8.53036
 46.000           -2.04523             8.53320
 47.000           -2.04975             8.53604
 48.000           -2.05420             8.53886
 49.000           -2.05857             8.54167
 50.000           -2.06285             8.54447
 51.000           -2.06703             8.54724
 52.000           -2.07110             8.54998
 53.000           -2.07505             8.55269
 54.000           -2.07887             8.55538
 55.000           -2.08255             8.55802
 56.000           -2.08608             8.56063
 57.000           -2.08945             8.56319
 58.000           -2.09266             8.56571
 59.000           -2.09569             8.56817
 60.000           -2.09853             8.57059
 61.000           -2.10118             8.57294
 62.000           -2.10362             8.57524
 63.000           -2.10586             8.57748
 64.000           -2.10787             8.57964
 65.000           -2.10966             8.58174
 66.000           -2.11121             8.58377
 67.000           -2.11252             8.58573
 68.000           -2.11357             8.58760
 69.000           -2.11438             8.58940
 70.000           -2.11492             8.59112
 71.000           -2.11519             8.59275
 72.000           -2.11518             8.59429
 73.000           -2.11490             8.59575
 74.000           -2.11433             8.59711
 75.000           -2.11348             8.59838
 76.000           -2.11233             8.59956
 77.000           -2.11088             8.60064
 78.000           -2.10914             8.60162
 79.000           -2.10709             8.60250
 80.000           -2.10474             8.60328
 81.000           -2.10209             8.60396
 82.000           -2.09912             8.60453
 83.000           -2.09585             8.60500
 84.000           -2.09228             8.60536
 85.000           -2.08839             8.60561
 86.000           -2.08420             8.60576
 87.000           -2.07970             8.60580
 88.000           -2.07489             8.60573
 89.000           -2.06979             8.60556
 90.000           -2.06439             8.60527
 91.000           -2.05869             8.60488
 92.000           -2.05269             8.60438
 93.000           -2.04641             8.60377
 94.000           -2.03985             8.60305
 95.000           -2.03301             8.60222
 96.000           -2.02589             8.60129
 97.000           -2.01851             8.60025
 98.000           -2.01086             8.59911
 99.000           -2.00297             8.59786
100.000           -1.99482             8.59651
101.000           -1.98644             8.59506
102.000           -1.97783             8.59351
103.000           -1.96899             8.59186
104.000           -1.95994             8.59011
105.000           -1.95069             8.58827
106.000           -1.94124             8.58633
107.000           -1.93160             8.58431
108.000           -1.92179             8.58219
109.000           -1.91181             8.57999
110.000           -1.90168             8.57770
111.000           -1.89140             8.57533
112.000           -1.88099             8.57289
113.000           -1.87045             8.57036
114.000           -1.85981             8.56776
115.000           -1.84906             8.56509
116.000           -1.83823             8.56236
117.000           -1.82732             8.55956
118.000           -1.81634             8.55669
119.000           -1.80531             8.55377
120.000           -1.79424             8.55079
121.000           -1.78314             8.54776
122.000           -1.77201             8.54468
123.000           -1.76089             8.54156
124.000           -1.74976             8.53839
125.000           -1.73865             8.53519
126.000           -1.72757             8.53195
127.000           -1.71653             8.52868
128.000           -1.70553             8.52539
129.000           -1.69460             8.52207
130.000           -1.68373             8.51873
131.000           -1.67295             8.51537
132.000           -1.66226             8.51201
133.000           -1.65167             8.50863
134.000           -1.64119             8.50526
135.000           -1.63083             8.50188
136.000           -1.62060             8.49850
137.000           -1.61051             8.49514
138.000           -1.60056             8.49178
139.000           -1.59077             8.48844
140.000           -1.58114             8.48512
141.000           -1.57169             8.48183
142.000           -1.56241             8.47856
143.000           -1.55332             8.47532
144.000           -1.54441             8.47212
145.000           -1.53571             8.46895
146.000           -1.52720             8.46583
147.000           -1.51891             8.46275
148.000           -1.51083             8.45972
149.000           -1.50296             8.45674
150.000           -1.49532             8.45383
151.000           -1.48791             8.45097
152.000           -1.48072             8.44817
153.000           -1.47378             8.44544
154.000           -1.46706             8.44278
155.000           -1.46059             8.44019
156.000           -1.45436             8.43768
157.000           -1.44837             8.43524
158.000           -1.44264             8.43289
159.000           -1.43715             8.43062
160.000           -1.43191             8.42844
161.000           -1.42692             8.42635
162.000           -1.42218             8.42435
163.000           -1.41770             8.42245
164.000           -1.41347             8.42064
165.000           -1.40950             8.41893
166.000           -1.40578             8.41732
167.000           -1.40232             8.41581
168.000           -1.39911             8.41441
169.000           -1.39616             8.41311
170.000           -1.39347             8.41193
171.000           -1.39103             8.41085
172.000           -1.38885             8.40988
173.000           -1.38693             8.40902
174.000           -1.38526             8.40827
175.000           -1.38385             8.40764
176.000           -1.38270             8.40712
177.000           -1.38180             8.40672
178.000           -1.38116             8.40643
179.000           -1.38078             8.40626
