 angle               amplitude [mbarn**(1/2)]
                 Real part         Imaginary part

  1.000           -1.50495             9.22566
  2.000           -1.50500             9.22528
  3.000           -1.50508             9.22465
  4.000           -1.50519             9.22378
  5.000           -1.50533             9.22265
  6.000           -1.50551             9.22128
  7.000           -1.50571             9.21966
  8.000           -1.50595             9.21780
  9.000           -1.50621             9.21570
 10.000           -1.50650             9.21336
 11.000           -1.50681             9.21078
 12.000           -1.50716             9.20797
 13.000           -1.50753             9.20493
 14.000           -1.50792             9.20166
 15.000           -1.50833             9.19817
 16.000           -1.50877             9.19446
 17.000           -1.50923             9.19054
 18.000           -1.50972             9.18640
 19.000           -1.51022             9.18207
 20.000           -1.51075             9.17753
 21.000           -1.51129             9.17280
 22.000           -1.51186             9.16788
 23.000           -1.51245             9.16277
 24.000           -1.51306             9.15749
 25.000           -1.51370             9.15204
 26.000           -1.51436             9.14642
 27.000           -1.51504             9.14065
 28.000           -1.51575             9.13472
 29.000           -1.51649             9.12865
 30.000           -1.51727             9.12245
 31.000           -1.51808             9.11611
 32.000           -1.51892             9.10965
 33.000           -1.51981             9.10307
 34.000           -1.52075             9.09639
 35.000           -1.52173             9.08961
 36.000           -1.52277             9.08273
 37.000           -1.52388             9.07577
 38.000           -1.52504             9.06874
 39.000           -1.52628             9.06164
 40.000           -1.52760             9.05448
 41.000           -1.52900             9.04726
 42.000           -1.53049             9.04001
 43.000           -1.53209             9.03272
 44.000           -1.53379             9.02541
 45.000           -1.53560             9.01807
 46.000           -1.53754             9.01073
 47.000           -1.53961             9.00339
 48.000           -1.54182             8.99606
 49.000           -1.54418             8.98874
 50.000           -1.54669             8.98145
 51.000           -1.54938             8.97419
 52.000           -1.55224             8.96697
 53.000           -1.55529             8.95980
 54.000           -1.55854             8.95270
 55.000           -1.56199             8.94565
 56.000           -1.56565             8.93869
 57.000           -1.56954             8.93180
 58.000           -1.57367             8.92501
 59.000           -1.57803             8.91831
 60.000           -1.58265             8.91172
 61.000           -1.58753             8.90524
 62.000           -1.59269             8.89888
 63.000           -1.59812             8.89265
 64.000           -1.60383             8.88655
 65.000           -1.60984             8.88060
 66.000           -1.61616             8.87479
 67.000           -1.62278             8.86914
 68.000           -1.62972             8.86365
 69.000           -1.63698             8.85833
 70.000           -1.64456             8.85318
 71.000           -1.65248             8.84821
 72.000           -1.66074             8.84342
 73.000           -1.66934             8.83883
 74.000           -1.67828             8.83442
 75.000           -1.68758             8.83022
 76.000           -1.69722             8.82622
 77.000           -1.70721             8.82243
 78.000           -1.71755             8.81885
 79.000           -1.72825             8.81549
 80.000           -1.73929             8.81235
 81.000           -1.75069             8.80943
 82.000           -1.76243             8.80673
 83.000           -1.77452             8.80427
 84.000           -1.78695             8.80203
 85.000           -1.79972             8.80003
 86.000           -1.81282             8.79826
 87.000           -1.82625             8.79673
 88.000           -1.83999             8.79544
 89.000           -1.85405             8.79438
 90.000           -1.86841             8.79357
 91.000           -1.88306             8.79299
 92.000           -1.89800             8.79265
 93.000           -1.91322             8.79256
 94.000           -1.92870             8.79270
 95.000           -1.94443             8.79308
 96.000           -1.96040             8.79370
 97.000           -1.97660             8.79456
 98.000           -1.99301             8.79565
 99.000           -2.00962             8.79697
100.000           -2.02642             8.79852
101.000           -2.04338             8.80030
102.000           -2.06050             8.80231
103.000           -2.07776             8.80453
104.000           -2.09513             8.80698
105.000           -2.11261             8.80964
106.000           -2.13018             8.81252
107.000           -2.14782             8.81560
108.000           -2.16551             8.81888
109.000           -2.18323             8.82236
110.000           -2.20097             8.82604
111.000           -2.21871             8.82991
112.000           -2.23642             8.83395
113.000           -2.25410             8.83818
114.000           -2.27172             8.84258
115.000           -2.28926             8.84714
116.000           -2.30671             8.85187
117.000           -2.32404             8.85675
118.000           -2.34125             8.86178
119.000           -2.35831             8.86695
120.000           -2.37521             8.87225
121.000           -2.39193             8.87768
122.000           -2.40845             8.88323
123.000           -2.42476             8.88889
124.000           -2.44084             8.89465
125.000           -2.45667             8.90052
126.000           -2.47226             8.90647
127.000           -2.48757             8.91251
128.000           -2.50259             8.91862
129.000           -2.51733             8.92480
130.000           -2.53175             8.93103
131.000           -2.54586             8.93732
132.000           -2.55964             8.94365
133.000           -2.57309             8.95001
134.000           -2.58619             8.95640
135.000           -2.59894             8.96281
136.000           -2.61133             8.96922
137.000           -2.62335             8.97564
138.000           -2.63501             8.98205
139.000           -2.64630             8.98844
140.000           -2.65721             8.99481
141.000           -2.66774             9.00115
142.000           -2.67789             9.00745
143.000           -2.68766             9.01370
144.000           -2.69706             9.01989
145.000           -2.70608             9.02602
146.000           -2.71472             9.03208
147.000           -2.72299             9.03805
148.000           -2.73089             9.04394
149.000           -2.73843             9.04974
150.000           -2.74561             9.05543
151.000           -2.75244             9.06102
152.000           -2.75892             9.06648
153.000           -2.76506             9.07183
154.000           -2.77086             9.07704
155.000           -2.77635             9.08211
156.000           -2.78152             9.08704
157.000           -2.78638             9.09182
158.000           -2.79094             9.09645
159.000           -2.79521             9.10091
160.000           -2.79920             9.10521
161.000           -2.80293             9.10933
162.000           -2.80639             9.11327
163.000           -2.80960             9.11703
164.000           -2.81257             9.12060
165.000           -2.81530             9.12398
166.000           -2.81781             9.12716
167.000           -2.82010             9.13014
168.000           -2.82219             9.13291
169.000           -2.82408             9.13548
170.000           -2.82578             9.13783
171.000           -2.82729             9.13997
172.000           -2.82863             9.14189
173.000           -2.82979             9.14359
174.000           -2.83079             9.14507
175.000           -2.83162             9.14632
176.000           -2.83230             9.14735
177.000           -2.83282             9.14815
178.000           -2.83320             9.14872
179.000           -2.83342             9.14907
