angle               amplitude [mbarn**(1/2)]
                 Real part         Imaginary part

  1.000           -0.00459            -0.00431
  2.000           -0.00917            -0.00862
  3.000           -0.01376            -0.01292
  4.000           -0.01835            -0.01720
  5.000           -0.02294            -0.02146
  6.000           -0.02753            -0.02569
  7.000           -0.03213            -0.02989
  8.000           -0.03672            -0.03405
  9.000           -0.04132            -0.03817
 10.000           -0.04593            -0.04224
 11.000           -0.05054            -0.04626
 12.000           -0.05515            -0.05022
 13.000           -0.05977            -0.05412
 14.000           -0.06440            -0.05796
 15.000           -0.06904            -0.06172
 16.000           -0.07369            -0.06540
 17.000           -0.07836            -0.06900
 18.000           -0.08303            -0.07251
 19.000           -0.08773            -0.07594
 20.000           -0.09244            -0.07926
 21.000           -0.09717            -0.08249
 22.000           -0.10192            -0.08562
 23.000           -0.10670            -0.08864
 24.000           -0.11151            -0.09155
 25.000           -0.11634            -0.09434
 26.000           -0.12121            -0.09702
 27.000           -0.12612            -0.09957
 28.000           -0.13106            -0.10200
 29.000           -0.13604            -0.10430
 30.000           -0.14106            -0.10647
 31.000           -0.14613            -0.10850
 32.000           -0.15125            -0.11040
 33.000           -0.15642            -0.11216
 34.000           -0.16164            -0.11378
 35.000           -0.16692            -0.11526
 36.000           -0.17226            -0.11659
 37.000           -0.17766            -0.11777
 38.000           -0.18313            -0.11881
 39.000           -0.18866            -0.11970
 40.000           -0.19425            -0.12043
 41.000           -0.19992            -0.12101
 42.000           -0.20566            -0.12144
 43.000           -0.21147            -0.12172
 44.000           -0.21735            -0.12184
 45.000           -0.22331            -0.12180
 46.000           -0.22934            -0.12161
 47.000           -0.23545            -0.12127
 48.000           -0.24163            -0.12077
 49.000           -0.24788            -0.12012
 50.000           -0.25421            -0.11932
 51.000           -0.26061            -0.11836
 52.000           -0.26708            -0.11725
 53.000           -0.27362            -0.11599
 54.000           -0.28023            -0.11458
 55.000           -0.28690            -0.11303
 56.000           -0.29363            -0.11133
 57.000           -0.30042            -0.10948
 58.000           -0.30727            -0.10750
 59.000           -0.31416            -0.10537
 60.000           -0.32110            -0.10311
 61.000           -0.32808            -0.10072
 62.000           -0.33510            -0.09819
 63.000           -0.34214            -0.09553
 64.000           -0.34921            -0.09275
 65.000           -0.35629            -0.08985
 66.000           -0.36339            -0.08683
 67.000           -0.37049            -0.08369
 68.000           -0.37758            -0.08045
 69.000           -0.38466            -0.07709
 70.000           -0.39173            -0.07364
 71.000           -0.39876            -0.07008
 72.000           -0.40576            -0.06643
 73.000           -0.41271            -0.06268
 74.000           -0.41960            -0.05886
 75.000           -0.42643            -0.05495
 76.000           -0.43319            -0.05096
 77.000           -0.43986            -0.04690
 78.000           -0.44644            -0.04277
 79.000           -0.45292            -0.03858
 80.000           -0.45928            -0.03434
 81.000           -0.46552            -0.03004
 82.000           -0.47163            -0.02570
 83.000           -0.47759            -0.02131
 84.000           -0.48340            -0.01689
 85.000           -0.48904            -0.01243
 86.000           -0.49451            -0.00795
 87.000           -0.49980            -0.00346
 88.000           -0.50489             0.00106
 89.000           -0.50978             0.00558
 90.000           -0.51445             0.01011
 91.000           -0.51891             0.01463
 92.000           -0.52313             0.01915
 93.000           -0.52711             0.02365
 94.000           -0.53084             0.02814
 95.000           -0.53431             0.03260
 96.000           -0.53752             0.03703
 97.000           -0.54046             0.04143
 98.000           -0.54311             0.04579
 99.000           -0.54548             0.05010
100.000           -0.54756             0.05436
101.000           -0.54934             0.05857
102.000           -0.55081             0.06271
103.000           -0.55197             0.06679
104.000           -0.55282             0.07079
105.000           -0.55335             0.07472
106.000           -0.55356             0.07857
107.000           -0.55344             0.08233
108.000           -0.55299             0.08600
109.000           -0.55222             0.08958
110.000           -0.55112             0.09306
111.000           -0.54968             0.09643
112.000           -0.54792             0.09969
113.000           -0.54582             0.10285
114.000           -0.54340             0.10588
115.000           -0.54065             0.10880
116.000           -0.53757             0.11159
117.000           -0.53417             0.11426
118.000           -0.53045             0.11679
119.000           -0.52641             0.11919
120.000           -0.52207             0.12145
121.000           -0.51741             0.12358
122.000           -0.51246             0.12556
123.000           -0.50721             0.12740
124.000           -0.50168             0.12909
125.000           -0.49586             0.13063
126.000           -0.48978             0.13202
127.000           -0.48342             0.13325
128.000           -0.47681             0.13433
129.000           -0.46996             0.13526
130.000           -0.46286             0.13602
131.000           -0.45553             0.13663
132.000           -0.44798             0.13708
133.000           -0.44023             0.13737
134.000           -0.43227             0.13750
135.000           -0.42412             0.13746
136.000           -0.41580             0.13727
137.000           -0.40730             0.13691
138.000           -0.39865             0.13640
139.000           -0.38985             0.13572
140.000           -0.38091             0.13488
141.000           -0.37185             0.13389
142.000           -0.36267             0.13273
143.000           -0.35338             0.13142
144.000           -0.34401             0.12996
145.000           -0.33454             0.12834
146.000           -0.32501             0.12657
147.000           -0.31540             0.12466
148.000           -0.30574             0.12259
149.000           -0.29604             0.12038
150.000           -0.28630             0.11803
151.000           -0.27652             0.11553
152.000           -0.26673             0.11290
153.000           -0.25692             0.11014
154.000           -0.24711             0.10725
155.000           -0.23729             0.10423
156.000           -0.22748             0.10108
157.000           -0.21768             0.09782
158.000           -0.20789             0.09444
159.000           -0.19813             0.09095
160.000           -0.18838             0.08735
161.000           -0.17867             0.08364
162.000           -0.16899             0.07984
163.000           -0.15933             0.07594
164.000           -0.14972             0.07195
165.000           -0.14013             0.06788
166.000           -0.13059             0.06373
167.000           -0.12107             0.05950
168.000           -0.11160             0.05520
169.000           -0.10216             0.05083
170.000           -0.09275             0.04640
171.000           -0.08338             0.04192
172.000           -0.07403             0.03739
173.000           -0.06471             0.03282
174.000           -0.05542             0.02820
175.000           -0.04615             0.02355
176.000           -0.03690             0.01887
177.000           -0.02766             0.01418
178.000           -0.01843             0.00946
179.000           -0.00921             0.00473
