angle               amplitude [mbarn**(1/2)]
                 Real part         Imaginary part

  1.000            2.94580             3.88294
  2.000            2.94390             3.88243
  3.000            2.94074             3.88157
  4.000            2.93636             3.88037
  5.000            2.93078             3.87883
  6.000            2.92406             3.87695
  7.000            2.91625             3.87474
  8.000            2.90740             3.87219
  9.000            2.89760             3.86931
 10.000            2.88690             3.86611
 11.000            2.87539             3.86259
 12.000            2.86316             3.85875
 13.000            2.85029             3.85460
 14.000            2.83688             3.85015
 15.000            2.82300             3.84539
 16.000            2.80876             3.84034
 17.000            2.79425             3.83500
 18.000            2.77954             3.82939
 19.000            2.76474             3.82349
 20.000            2.74992             3.81734
 21.000            2.73516             3.81092
 22.000            2.72053             3.80425
 23.000            2.70611             3.79734
 24.000            2.69197             3.79020
 25.000            2.67816             3.78283
 26.000            2.66473             3.77524
 27.000            2.65174             3.76745
 28.000            2.63922             3.75946
 29.000            2.62722             3.75128
 30.000            2.61575             3.74291
 31.000            2.60486             3.73438
 32.000            2.59454             3.72569
 33.000            2.58482             3.71684
 34.000            2.57570             3.70785
 35.000            2.56718             3.69873
 36.000            2.55926             3.68949
 37.000            2.55192             3.68013
 38.000            2.54517             3.67067
 39.000            2.53897             3.66112
 40.000            2.53331             3.65148
 41.000            2.52816             3.64177
 42.000            2.52349             3.63199
 43.000            2.51927             3.62215
 44.000            2.51546             3.61227
 45.000            2.51203             3.60235
 46.000            2.50894             3.59240
 47.000            2.50615             3.58244
 48.000            2.50361             3.57246
 49.000            2.50128             3.56248
 50.000            2.49911             3.55251
 51.000            2.49705             3.54255
 52.000            2.49507             3.53261
 53.000            2.49310             3.52271
 54.000            2.49110             3.51285
 55.000            2.48903             3.50304
 56.000            2.48682             3.49328
 57.000            2.48444             3.48358
 58.000            2.48184             3.47396
 59.000            2.47896             3.46441
 60.000            2.47577             3.45495
 61.000            2.47220             3.44558
 62.000            2.46823             3.43632
 63.000            2.46381             3.42715
 64.000            2.45888             3.41811
 65.000            2.45341             3.40918
 66.000            2.44737             3.40037
 67.000            2.44070             3.39170
 68.000            2.43338             3.38317
 69.000            2.42537             3.37478
 70.000            2.41663             3.36654
 71.000            2.40713             3.35846
 72.000            2.39685             3.35053
 73.000            2.38575             3.34278
 74.000            2.37380             3.33519
 75.000            2.36100             3.32778
 76.000            2.34730             3.32056
 77.000            2.33270             3.31352
 78.000            2.31717             3.30667
 79.000            2.30071             3.30002
 80.000            2.28329             3.29357
 81.000            2.26491             3.28732
 82.000            2.24557             3.28129
 83.000            2.22525             3.27546
 84.000            2.20396             3.26986
 85.000            2.18169             3.26447
 86.000            2.15845             3.25931
 87.000            2.13424             3.25438
 88.000            2.10907             3.24968
 89.000            2.08296             3.24522
 90.000            2.05590             3.24100
 91.000            2.02793             3.23701
 92.000            1.99906             3.23327
 93.000            1.96930             3.22978
 94.000            1.93869             3.22654
 95.000            1.90725             3.22354
 96.000            1.87501             3.22080
 97.000            1.84200             3.21832
 98.000            1.80826             3.21610
 99.000            1.77381             3.21413
100.000            1.73871             3.21242
101.000            1.70299             3.21097
102.000            1.66670             3.20979
103.000            1.62989             3.20886
104.000            1.59259             3.20820
105.000            1.55488             3.20780
106.000            1.51679             3.20767
107.000            1.47839             3.20779
108.000            1.43973             3.20818
109.000            1.40087             3.20883
110.000            1.36188             3.20973
111.000            1.32282             3.21089
112.000            1.28375             3.21231
113.000            1.24475             3.21398
114.000            1.20588             3.21590
115.000            1.16722             3.21806
116.000            1.12883             3.22047
117.000            1.09079             3.22312
118.000            1.05317             3.22601
119.000            1.01605             3.22913
120.000            0.97950             3.23247
121.000            0.94361             3.23604
122.000            0.90844             3.23982
123.000            0.87408             3.24381
124.000            0.84060             3.24801
125.000            0.80808             3.25241
126.000            0.77659             3.25700
127.000            0.74622             3.26177
128.000            0.71702             3.26672
129.000            0.68909             3.27183
130.000            0.66248             3.27711
131.000            0.63727             3.28254
132.000            0.61352             3.28812
133.000            0.59130             3.29383
134.000            0.57066             3.29966
135.000            0.55167             3.30561
136.000            0.53437             3.31166
137.000            0.51882             3.31781
138.000            0.50505             3.32404
139.000            0.49311             3.33034
140.000            0.48303             3.33671
141.000            0.47483             3.34313
142.000            0.46853             3.34958
143.000            0.46415             3.35607
144.000            0.46168             3.36257
145.000            0.46113             3.36908
146.000            0.46247             3.37558
147.000            0.46570             3.38206
148.000            0.47077             3.38851
149.000            0.47764             3.39492
150.000            0.48627             3.40127
151.000            0.49659             3.40756
152.000            0.50854             3.41376
153.000            0.52201             3.41988
154.000            0.53694             3.42589
155.000            0.55320             3.43179
156.000            0.57069             3.43756
157.000            0.58927             3.44319
158.000            0.60883             3.44868
159.000            0.62922             3.45401
160.000            0.65027             3.45916
161.000            0.67184             3.46414
162.000            0.69377             3.46893
163.000            0.71587             3.47351
164.000            0.73798             3.47789
165.000            0.75991             3.48205
166.000            0.78149             3.48598
167.000            0.80254             3.48968
168.000            0.82289             3.49313
169.000            0.84235             3.49634
170.000            0.86076             3.49929
171.000            0.87796             3.50198
172.000            0.89380             3.50440
173.000            0.90814             3.50655
174.000            0.92084             3.50842
175.000            0.93179             3.51001
176.000            0.94089             3.51131
177.000            0.94806             3.51233
178.000            0.95323             3.51306
179.000            0.95635             3.51350
