 angle               amplitude [mbarn**(1/2)]
                 Real part         Imaginary part

  1.000            2.52535             6.92530
  2.000            2.52605             6.92526
  3.000            2.52722             6.92520
  4.000            2.52885             6.92512
  5.000            2.53094             6.92501
  6.000            2.53350             6.92487
  7.000            2.53652             6.92471
  8.000            2.53999             6.92453
  9.000            2.54392             6.92432
 10.000            2.54830             6.92409
 11.000            2.55312             6.92384
 12.000            2.55840             6.92356
 13.000            2.56411             6.92325
 14.000            2.57026             6.92293
 15.000            2.57684             6.92257
 16.000            2.58384             6.92220
 17.000            2.59127             6.92180
 18.000            2.59911             6.92138
 19.000            2.60736             6.92094
 20.000            2.61602             6.92047
 21.000            2.62508             6.91998
 22.000            2.63453             6.91946
 23.000            2.64436             6.91893
 24.000            2.65457             6.91837
 25.000            2.66516             6.91779
 26.000            2.67611             6.91719
 27.000            2.68743             6.91656
 28.000            2.69909             6.91592
 29.000            2.71110             6.91525
 30.000            2.72345             6.91456
 31.000            2.73613             6.91385
 32.000            2.74914             6.91312
 33.000            2.76246             6.91237
 34.000            2.77609             6.91160
 35.000            2.79003             6.91081
 36.000            2.80427             6.91000
 37.000            2.81880             6.90917
 38.000            2.83361             6.90832
 39.000            2.84870             6.90745
 40.000            2.86405             6.90656
 41.000            2.87968             6.90565
 42.000            2.89556             6.90473
 43.000            2.91169             6.90379
 44.000            2.92807             6.90283
 45.000            2.94469             6.90185
 46.000            2.96155             6.90086
 47.000            2.97863             6.89985
 48.000            2.99594             6.89882
 49.000            3.01346             6.89778
 50.000            3.03120             6.89673
 51.000            3.04915             6.89565
 52.000            3.06730             6.89456
 53.000            3.08565             6.89346
 54.000            3.10419             6.89235
 55.000            3.12292             6.89122
 56.000            3.14184             6.89007
 57.000            3.16094             6.88891
 58.000            3.18022             6.88774
 59.000            3.19968             6.88656
 60.000            3.21930             6.88537
 61.000            3.23910             6.88416
 62.000            3.25906             6.88294
 63.000            3.27918             6.88172
 64.000            3.29946             6.88048
 65.000            3.31990             6.87923
 66.000            3.34049             6.87797
 67.000            3.36123             6.87670
 68.000            3.38212             6.87542
 69.000            3.40315             6.87414
 70.000            3.42433             6.87284
 71.000            3.44566             6.87154
 72.000            3.46712             6.87023
 73.000            3.48872             6.86891
 74.000            3.51046             6.86759
 75.000            3.53233             6.86626
 76.000            3.55434             6.86493
 77.000            3.57648             6.86358
 78.000            3.59874             6.86224
 79.000            3.62114             6.86089
 80.000            3.64366             6.85953
 81.000            3.66631             6.85817
 82.000            3.68908             6.85681
 83.000            3.71197             6.85545
 84.000            3.73498             6.85408
 85.000            3.75811             6.85271
 86.000            3.78136             6.85134
 87.000            3.80472             6.84997
 88.000            3.82819             6.84859
 89.000            3.85178             6.84722
 90.000            3.87548             6.84584
 91.000            3.89928             6.84447
 92.000            3.92319             6.84310
 93.000            3.94720             6.84173
 94.000            3.97131             6.84035
 95.000            3.99552             6.83899
 96.000            4.01982             6.83762
 97.000            4.04422             6.83626
 98.000            4.06871             6.83490
 99.000            4.09328             6.83354
100.000            4.11794             6.83219
101.000            4.14268             6.83084
102.000            4.16749             6.82950
103.000            4.19238             6.82816
104.000            4.21733             6.82683
105.000            4.24235             6.82550
106.000            4.26743             6.82418
107.000            4.29256             6.82286
108.000            4.31774             6.82156
109.000            4.34297             6.82026
110.000            4.36823             6.81897
111.000            4.39353             6.81769
112.000            4.41885             6.81641
113.000            4.44420             6.81515
114.000            4.46955             6.81389
115.000            4.49492             6.81265
116.000            4.52028             6.81141
117.000            4.54564             6.81019
118.000            4.57097             6.80898
119.000            4.59629             6.80777
120.000            4.62157             6.80658
121.000            4.64680             6.80540
122.000            4.67199             6.80424
123.000            4.69711             6.80309
124.000            4.72217             6.80195
125.000            4.74714             6.80082
126.000            4.77202             6.79971
127.000            4.79680             6.79861
128.000            4.82146             6.79752
129.000            4.84600             6.79645
130.000            4.87040             6.79540
131.000            4.89465             6.79436
132.000            4.91874             6.79333
133.000            4.94266             6.79233
134.000            4.96639             6.79133
135.000            4.98991             6.79036
136.000            5.01322             6.78940
137.000            5.03631             6.78846
138.000            5.05915             6.78754
139.000            5.08173             6.78663
140.000            5.10405             6.78575
141.000            5.12608             6.78488
142.000            5.14780             6.78403
143.000            5.16921             6.78319
144.000            5.19030             6.78238
145.000            5.21103             6.78159
146.000            5.23140             6.78081
147.000            5.25140             6.78006
148.000            5.27101             6.77932
149.000            5.29021             6.77861
150.000            5.30899             6.77792
151.000            5.32732             6.77724
152.000            5.34521             6.77659
153.000            5.36263             6.77596
154.000            5.37957             6.77535
155.000            5.39601             6.77476
156.000            5.41193             6.77420
157.000            5.42733             6.77365
158.000            5.44219             6.77313
159.000            5.45650             6.77263
160.000            5.47024             6.77215
161.000            5.48340             6.77169
162.000            5.49597             6.77126
163.000            5.50793             6.77085
164.000            5.51927             6.77046
165.000            5.52999             6.77009
166.000            5.54007             6.76975
167.000            5.54949             6.76943
168.000            5.55826             6.76914
169.000            5.56637             6.76886
170.000            5.57380             6.76862
171.000            5.58054             6.76839
172.000            5.58659             6.76819
173.000            5.59195             6.76801
174.000            5.59660             6.76786
175.000            5.60055             6.76772
176.000            5.60378             6.76762
177.000            5.60630             6.76753
178.000            5.60810             6.76747
179.000            5.60918             6.76744
