angle               amplitude [mbarn**(1/2)]
                 Real part         Imaginary part

  1.000           -0.03804             0.02100
  2.000           -0.07580             0.04195
  3.000           -0.11303             0.06282
  4.000           -0.14947             0.08356
  5.000           -0.18490             0.10413
  6.000           -0.21912             0.12448
  7.000           -0.25196             0.14458
  8.000           -0.28330             0.16438
  9.000           -0.31303             0.18385
 10.000           -0.34108             0.20296
 11.000           -0.36744             0.22166
 12.000           -0.39208             0.23993
 13.000           -0.41504             0.25772
 14.000           -0.43636             0.27503
 15.000           -0.45609             0.29181
 16.000           -0.47431             0.30804
 17.000           -0.49110             0.32370
 18.000           -0.50654             0.33877
 19.000           -0.52075             0.35323
 20.000           -0.53381             0.36707
 21.000           -0.54581             0.38027
 22.000           -0.55686             0.39282
 23.000           -0.56705             0.40471
 24.000           -0.57647             0.41593
 25.000           -0.58521             0.42648
 26.000           -0.59334             0.43635
 27.000           -0.60095             0.44555
 28.000           -0.60811             0.45406
 29.000           -0.61489             0.46191
 30.000           -0.62136             0.46908
 31.000           -0.62757             0.47558
 32.000           -0.63358             0.48142
 33.000           -0.63945             0.48661
 34.000           -0.64521             0.49115
 35.000           -0.65092             0.49505
 36.000           -0.65662             0.49832
 37.000           -0.66234             0.50098
 38.000           -0.66811             0.50303
 39.000           -0.67398             0.50448
 40.000           -0.67996             0.50535
 41.000           -0.68607             0.50564
 42.000           -0.69235             0.50538
 43.000           -0.69882             0.50458
 44.000           -0.70549             0.50323
 45.000           -0.71237             0.50137
 46.000           -0.71949             0.49900
 47.000           -0.72685             0.49614
 48.000           -0.73447             0.49280
 49.000           -0.74235             0.48898
 50.000           -0.75051             0.48471
 51.000           -0.75895             0.48000
 52.000           -0.76767             0.47486
 53.000           -0.77669             0.46930
 54.000           -0.78600             0.46333
 55.000           -0.79561             0.45697
 56.000           -0.80552             0.45024
 57.000           -0.81574             0.44313
 58.000           -0.82627             0.43567
 59.000           -0.83710             0.42786
 60.000           -0.84824             0.41972
 61.000           -0.85969             0.41127
 62.000           -0.87145             0.40251
 63.000           -0.88351             0.39345
 64.000           -0.89588             0.38411
 65.000           -0.90855             0.37451
 66.000           -0.92152             0.36464
 67.000           -0.93478             0.35453
 68.000           -0.94834             0.34419
 69.000           -0.96218             0.33363
 70.000           -0.97630             0.32286
 71.000           -0.99068             0.31189
 72.000           -1.00534             0.30074
 73.000           -1.02024             0.28942
 74.000           -1.03539             0.27794
 75.000           -1.05077             0.26631
 76.000           -1.06636             0.25455
 77.000           -1.08216             0.24266
 78.000           -1.09814             0.23067
 79.000           -1.11428             0.21857
 80.000           -1.13058             0.20639
 81.000           -1.14701             0.19413
 82.000           -1.16354             0.18181
 83.000           -1.18016             0.16944
 84.000           -1.19683             0.15703
 85.000           -1.21354             0.14458
 86.000           -1.23026             0.13212
 87.000           -1.24695             0.11965
 88.000           -1.26360             0.10718
 89.000           -1.28016             0.09473
 90.000           -1.29662             0.08230
 91.000           -1.31293             0.06991
 92.000           -1.32907             0.05756
 93.000           -1.34500             0.04527
 94.000           -1.36069             0.03304
 95.000           -1.37610             0.02089
 96.000           -1.39120             0.00883
 97.000           -1.40597            -0.00314
 98.000           -1.42035            -0.01500
 99.000           -1.43432            -0.02674
100.000           -1.44785            -0.03836
101.000           -1.46089            -0.04984
102.000           -1.47342            -0.06118
103.000           -1.48539            -0.07236
104.000           -1.49678            -0.08338
105.000           -1.50755            -0.09423
106.000           -1.51766            -0.10489
107.000           -1.52709            -0.11536
108.000           -1.53579            -0.12563
109.000           -1.54374            -0.13569
110.000           -1.55090            -0.14554
111.000           -1.55723            -0.15516
112.000           -1.56271            -0.16455
113.000           -1.56729            -0.17369
114.000           -1.57095            -0.18259
115.000           -1.57366            -0.19123
116.000           -1.57537            -0.19961
117.000           -1.57605            -0.20772
118.000           -1.57568            -0.21555
119.000           -1.57422            -0.22310
120.000           -1.57164            -0.23035
121.000           -1.56790            -0.23732
122.000           -1.56298            -0.24398
123.000           -1.55684            -0.25033
124.000           -1.54946            -0.25637
125.000           -1.54080            -0.26210
126.000           -1.53084            -0.26750
127.000           -1.51954            -0.27257
128.000           -1.50690            -0.27731
129.000           -1.49288            -0.28172
130.000           -1.47746            -0.28578
131.000           -1.46062            -0.28950
132.000           -1.44235            -0.29286
133.000           -1.42264            -0.29587
134.000           -1.40147            -0.29852
135.000           -1.37884            -0.30080
136.000           -1.35475            -0.30272
137.000           -1.32921            -0.30426
138.000           -1.30221            -0.30542
139.000           -1.27378            -0.30619
140.000           -1.24393            -0.30658
141.000           -1.21268            -0.30658
142.000           -1.18007            -0.30617
143.000           -1.14614            -0.30536
144.000           -1.11093            -0.30415
145.000           -1.07449            -0.30252
146.000           -1.03689            -0.30048
147.000           -0.99819            -0.29802
148.000           -0.95849            -0.29513
149.000           -0.91785            -0.29181
150.000           -0.87639            -0.28807
151.000           -0.83421            -0.28389
152.000           -0.79144            -0.27928
153.000           -0.74820            -0.27424
154.000           -0.70464            -0.26875
155.000           -0.66091            -0.26284
156.000           -0.61718            -0.25649
157.000           -0.57362            -0.24971
158.000           -0.53042            -0.24250
159.000           -0.48777            -0.23488
160.000           -0.44588            -0.22683
161.000           -0.40497            -0.21838
162.000           -0.36523            -0.20953
163.000           -0.32690            -0.20029
164.000           -0.29017            -0.19068
165.000           -0.25526            -0.18070
166.000           -0.22236            -0.17036
167.000           -0.19165            -0.15970
168.000           -0.16327            -0.14871
169.000           -0.13735            -0.13743
170.000           -0.11396            -0.12587
171.000           -0.09314            -0.11405
172.000           -0.07488            -0.10199
173.000           -0.05910            -0.08972
174.000           -0.04568            -0.07726
175.000           -0.03441            -0.06463
176.000           -0.02507            -0.05187
177.000           -0.01732            -0.03900
178.000           -0.01083            -0.02605
179.000           -0.00520            -0.01304
