 angle               amplitude [mbarn**(1/2)]
                 Real part         Imaginary part

  1.000            2.63282             3.55761
  2.000            2.63146             3.55715
  3.000            2.62918             3.55639
  4.000            2.62600             3.55532
  5.000            2.62191             3.55395
  6.000            2.61690             3.55228
  7.000            2.61099             3.55031
  8.000            2.60417             3.54804
  9.000            2.59644             3.54549
 10.000            2.58781             3.54264
 11.000            2.57828             3.53952
 12.000            2.56784             3.53611
 13.000            2.55652             3.53243
 14.000            2.54430             3.52848
 15.000            2.53120             3.52427
 16.000            2.51722             3.51980
 17.000            2.50237             3.51508
 18.000            2.48667             3.51012
 19.000            2.47012             3.50492
 20.000            2.45273             3.49949
 21.000            2.43453             3.49384
 22.000            2.41552             3.48797
 23.000            2.39573             3.48190
 24.000            2.37517             3.47563
 25.000            2.35386             3.46917
 26.000            2.33184             3.46253
 27.000            2.30911             3.45572
 28.000            2.28571             3.44875
 29.000            2.26167             3.44162
 30.000            2.23701             3.43434
 31.000            2.21177             3.42693
 32.000            2.18597             3.41940
 33.000            2.15964             3.41174
 34.000            2.13283             3.40398
 35.000            2.10557             3.39612
 36.000            2.07789             3.38817
 37.000            2.04983             3.38014
 38.000            2.02143             3.37204
 39.000            1.99272             3.36388
 40.000            1.96376             3.35566
 41.000            1.93457             3.34740
 42.000            1.90520             3.33911
 43.000            1.87568             3.33078
 44.000            1.84607             3.32245
 45.000            1.81640             3.31410
 46.000            1.78671             3.30575
 47.000            1.75705             3.29741
 48.000            1.72745             3.28909
 49.000            1.69797             3.28078
 50.000            1.66863             3.27251
 51.000            1.63949             3.26428
 52.000            1.61058             3.25610
 53.000            1.58195             3.24796
 54.000            1.55363             3.23989
 55.000            1.52567             3.23188
 56.000            1.49810             3.22395
 57.000            1.47097             3.21610
 58.000            1.44431             3.20833
 59.000            1.41816             3.20065
 60.000            1.39255             3.19307
 61.000            1.36753             3.18559
 62.000            1.34312             3.17821
 63.000            1.31937             3.17095
 64.000            1.29630             3.16381
 65.000            1.27394             3.15678
 66.000            1.25234             3.14988
 67.000            1.23151             3.14311
 68.000            1.21149             3.13647
 69.000            1.19230             3.12997
 70.000            1.17398             3.12360
 71.000            1.15654             3.11738
 72.000            1.14001             3.11130
 73.000            1.12441             3.10537
 74.000            1.10977             3.09959
 75.000            1.09611             3.09397
 76.000            1.08344             3.08849
 77.000            1.07178             3.08317
 78.000            1.06116             3.07801
 79.000            1.05157             3.07301
 80.000            1.04304             3.06816
 81.000            1.03558             3.06348
 82.000            1.02920             3.05896
 83.000            1.02391             3.05460
 84.000            1.01971             3.05041
 85.000            1.01661             3.04637
 86.000            1.01462             3.04251
 87.000            1.01375             3.03880
 88.000            1.01398             3.03526
 89.000            1.01532             3.03188
 90.000            1.01778             3.02866
 91.000            1.02134             3.02560
 92.000            1.02601             3.02271
 93.000            1.03177             3.01998
 94.000            1.03863             3.01740
 95.000            1.04656             3.01499
 96.000            1.05557             3.01273
 97.000            1.06564             3.01062
 98.000            1.07676             3.00868
 99.000            1.08891             3.00688
100.000            1.10208             3.00524
101.000            1.11625             3.00374
102.000            1.13140             3.00240
103.000            1.14751             3.00120
104.000            1.16456             3.00014
105.000            1.18253             2.99923
106.000            1.20139             2.99846
107.000            1.22112             2.99782
108.000            1.24169             2.99732
109.000            1.26308             2.99695
110.000            1.28525             2.99672
111.000            1.30818             2.99661
112.000            1.33183             2.99663
113.000            1.35618             2.99677
114.000            1.38118             2.99703
115.000            1.40681             2.99740
116.000            1.43303             2.99789
117.000            1.45980             2.99850
118.000            1.48709             2.99921
119.000            1.51486             3.00002
120.000            1.54307             3.00094
121.000            1.57168             3.00196
122.000            1.60065             3.00307
123.000            1.62995             3.00427
124.000            1.65952             3.00556
125.000            1.68933             3.00694
126.000            1.71934             3.00840
127.000            1.74951             3.00994
128.000            1.77979             3.01155
129.000            1.81014             3.01323
130.000            1.84051             3.01498
131.000            1.87087             3.01679
132.000            1.90118             3.01866
133.000            1.93138             3.02059
134.000            1.96145             3.02257
135.000            1.99133             3.02459
136.000            2.02099             3.02666
137.000            2.05038             3.02876
138.000            2.07947             3.03090
139.000            2.10822             3.03307
140.000            2.13658             3.03527
141.000            2.16453             3.03749
142.000            2.19202             3.03972
143.000            2.21903             3.04197
144.000            2.24551             3.04422
145.000            2.27143             3.04648
146.000            2.29678             3.04874
147.000            2.32151             3.05100
148.000            2.34560             3.05324
149.000            2.36902             3.05548
150.000            2.39175             3.05769
151.000            2.41378             3.05988
152.000            2.43508             3.06205
153.000            2.45563             3.06419
154.000            2.47542             3.06629
155.000            2.49443             3.06835
156.000            2.51266             3.07036
157.000            2.53010             3.07233
158.000            2.54674             3.07425
159.000            2.56258             3.07612
160.000            2.57762             3.07792
161.000            2.59185             3.07966
162.000            2.60527             3.08134
163.000            2.61790             3.08294
164.000            2.62973             3.08448
165.000            2.64078             3.08593
166.000            2.65104             3.08731
167.000            2.66054             3.08861
168.000            2.66927             3.08982
169.000            2.67726             3.09094
170.000            2.68450             3.09198
171.000            2.69101             3.09292
172.000            2.69681             3.09377
173.000            2.70189             3.09452
174.000            2.70627             3.09518
175.000            2.70997             3.09574
176.000            2.71298             3.09619
177.000            2.71532             3.09655
178.000            2.71698             3.09681
179.000            2.71798             3.09696
