 angle               amplitude [mbarn**(1/2)]
                 Real part         Imaginary part

  1.000            2.63947             1.17002
  2.000            2.62875             1.16858
  3.000            2.61113             1.16619
  4.000            2.58692             1.16284
  5.000            2.55660             1.15856
  6.000            2.52070             1.15335
  7.000            2.47983             1.14723
  8.000            2.43467             1.14022
  9.000            2.38591             1.13233
 10.000            2.33424             1.12360
 11.000            2.28033             1.11404
 12.000            2.22485             1.10368
 13.000            2.16840             1.09256
 14.000            2.11152             1.08069
 15.000            2.05473             1.06812
 16.000            1.99846             1.05488
 17.000            1.94310             1.04100
 18.000            1.88896             1.02651
 19.000            1.83631             1.01146
 20.000            1.78537             0.99588
 21.000            1.73632             0.97981
 22.000            1.68928             0.96329
 23.000            1.64434             0.94635
 24.000            1.60157             0.92903
 25.000            1.56099             0.91138
 26.000            1.52263             0.89343
 27.000            1.48648             0.87521
 28.000            1.45250             0.85676
 29.000            1.42065             0.83813
 30.000            1.39090             0.81933
 31.000            1.36318             0.80042
 32.000            1.33743             0.78141
 33.000            1.31357             0.76234
 34.000            1.29154             0.74325
 35.000            1.27125             0.72415
 36.000            1.25263             0.70509
 37.000            1.23560             0.68607
 38.000            1.22008             0.66714
 39.000            1.20599             0.64831
 40.000            1.19325             0.62960
 41.000            1.18179             0.61104
 42.000            1.17152             0.59265
 43.000            1.16238             0.57443
 44.000            1.15428             0.55642
 45.000            1.14717             0.53862
 46.000            1.14096             0.52104
 47.000            1.13559             0.50370
 48.000            1.13101             0.48661
 49.000            1.12713             0.46979
 50.000            1.12390             0.45323
 51.000            1.12127             0.43694
 52.000            1.11917             0.42094
 53.000            1.11755             0.40523
 54.000            1.11635             0.38980
 55.000            1.11553             0.37468
 56.000            1.11503             0.35985
 57.000            1.11481             0.34532
 58.000            1.11481             0.33109
 59.000            1.11500             0.31717
 60.000            1.11532             0.30355
 61.000            1.11575             0.29023
 62.000            1.11622             0.27721
 63.000            1.11671             0.26449
 64.000            1.11718             0.25207
 65.000            1.11759             0.23995
 66.000            1.11790             0.22812
 67.000            1.11807             0.21657
 68.000            1.11807             0.20532
 69.000            1.11787             0.19435
 70.000            1.11743             0.18367
 71.000            1.11672             0.17326
 72.000            1.11570             0.16313
 73.000            1.11436             0.15327
 74.000            1.11265             0.14369
 75.000            1.11055             0.13437
 76.000            1.10803             0.12532
 77.000            1.10506             0.11653
 78.000            1.10161             0.10800
 79.000            1.09767             0.09973
 80.000            1.09320             0.09173
 81.000            1.08819             0.08398
 82.000            1.08260             0.07649
 83.000            1.07643             0.06926
 84.000            1.06964             0.06229
 85.000            1.06222             0.05558
 86.000            1.05416             0.04913
 87.000            1.04543             0.04294
 88.000            1.03603             0.03703
 89.000            1.02593             0.03138
 90.000            1.01514             0.02601
 91.000            1.00363             0.02092
 92.000            0.99139             0.01612
 93.000            0.97843             0.01160
 94.000            0.96474             0.00738
 95.000            0.95030             0.00347
 96.000            0.93513            -0.00014
 97.000            0.91921            -0.00343
 98.000            0.90255            -0.00639
 99.000            0.88515            -0.00901
100.000            0.86701            -0.01129
101.000            0.84815            -0.01322
102.000            0.82856            -0.01479
103.000            0.80826            -0.01598
104.000            0.78725            -0.01679
105.000            0.76556            -0.01720
106.000            0.74319            -0.01721
107.000            0.72017            -0.01681
108.000            0.69651            -0.01598
109.000            0.67223            -0.01472
110.000            0.64736            -0.01302
111.000            0.62193            -0.01085
112.000            0.59596            -0.00823
113.000            0.56949            -0.00513
114.000            0.54256            -0.00155
115.000            0.51520             0.00253
116.000            0.48746             0.00710
117.000            0.45938             0.01218
118.000            0.43102             0.01777
119.000            0.40243             0.02389
120.000            0.37367             0.03052
121.000            0.34480             0.03769
122.000            0.31590             0.04539
123.000            0.28704             0.05362
124.000            0.25831             0.06238
125.000            0.22977             0.07169
126.000            0.20154             0.08152
127.000            0.17370             0.09190
128.000            0.14636             0.10279
129.000            0.11963             0.11422
130.000            0.09363             0.12616
131.000            0.06848             0.13861
132.000            0.04431             0.15156
133.000            0.02125             0.16500
134.000           -0.00054             0.17891
135.000           -0.02093             0.19329
136.000           -0.03975             0.20811
137.000           -0.05684             0.22336
138.000           -0.07204             0.23902
139.000           -0.08517             0.25507
140.000           -0.09606             0.27148
141.000           -0.10451             0.28823
142.000           -0.11035             0.30529
143.000           -0.11337             0.32264
144.000           -0.11340             0.34024
145.000           -0.11023             0.35806
146.000           -0.10367             0.37607
147.000           -0.09352             0.39423
148.000           -0.07960             0.41251
149.000           -0.06172             0.43087
150.000           -0.03970             0.44926
151.000           -0.01338             0.46765
152.000            0.01739             0.48600
153.000            0.05275             0.50426
154.000            0.09281             0.52239
155.000            0.13765             0.54034
156.000            0.18732             0.55806
157.000            0.24184             0.57552
158.000            0.30116             0.59267
159.000            0.36519             0.60946
160.000            0.43379             0.62583
161.000            0.50672             0.64176
162.000            0.58368             0.65719
163.000            0.66428             0.67208
164.000            0.74803             0.68638
165.000            0.83434             0.70006
166.000            0.92251             0.71307
167.000            1.01175             0.72536
168.000            1.10114             0.73692
169.000            1.18968             0.74768
170.000            1.27628             0.75764
171.000            1.35976             0.76674
172.000            1.43891             0.77497
173.000            1.51249             0.78229
174.000            1.57929             0.78869
175.000            1.63813             0.79414
176.000            1.68793             0.79862
177.000            1.72774             0.80212
178.000            1.75677             0.80463
179.000            1.77442             0.80614
