 angle               amplitude [mbarn**(1/2)]
                 Real part         Imaginary part

  1.000           44.33085            35.20853
  2.000           44.33086            35.20853
  3.000           44.33089            35.20853
  4.000           44.33092            35.20853
  5.000           44.33096            35.20853
  6.000           44.33101            35.20853
  7.000           44.33108            35.20853
  8.000           44.33115            35.20853
  9.000           44.33123            35.20853
 10.000           44.33132            35.20853
 11.000           44.33142            35.20853
 12.000           44.33152            35.20853
 13.000           44.33164            35.20853
 14.000           44.33177            35.20853
 15.000           44.33191            35.20853
 16.000           44.33205            35.20853
 17.000           44.33221            35.20853
 18.000           44.33237            35.20853
 19.000           44.33254            35.20853
 20.000           44.33272            35.20853
 21.000           44.33292            35.20853
 22.000           44.33311            35.20853
 23.000           44.33332            35.20853
 24.000           44.33354            35.20853
 25.000           44.33377            35.20853
 26.000           44.33400            35.20853
 27.000           44.33424            35.20853
 28.000           44.33450            35.20853
 29.000           44.33476            35.20853
 30.000           44.33502            35.20853
 31.000           44.33530            35.20853
 32.000           44.33558            35.20853
 33.000           44.33588            35.20853
 34.000           44.33618            35.20853
 35.000           44.33649            35.20853
 36.000           44.33680            35.20853
 37.000           44.33713            35.20853
 38.000           44.33746            35.20853
 39.000           44.33780            35.20853
 40.000           44.33814            35.20853
 41.000           44.33850            35.20853
 42.000           44.33886            35.20853
 43.000           44.33923            35.20853
 44.000           44.33960            35.20853
 45.000           44.33998            35.20853
 46.000           44.34037            35.20853
 47.000           44.34077            35.20853
 48.000           44.34117            35.20853
 49.000           44.34158            35.20853
 50.000           44.34199            35.20853
 51.000           44.34241            35.20853
 52.000           44.34284            35.20853
 53.000           44.34327            35.20853
 54.000           44.34371            35.20853
 55.000           44.34415            35.20853
 56.000           44.34460            35.20853
 57.000           44.34506            35.20853
 58.000           44.34552            35.20853
 59.000           44.34598            35.20853
 60.000           44.34645            35.20853
 61.000           44.34693            35.20853
 62.000           44.34741            35.20853
 63.000           44.34789            35.20853
 64.000           44.34838            35.20853
 65.000           44.34887            35.20853
 66.000           44.34937            35.20853
 67.000           44.34987            35.20853
 68.000           44.35037            35.20853
 69.000           44.35088            35.20853
 70.000           44.35139            35.20853
 71.000           44.35190            35.20853
 72.000           44.35242            35.20853
 73.000           44.35294            35.20853
 74.000           44.35346            35.20853
 75.000           44.35399            35.20853
 76.000           44.35452            35.20853
 77.000           44.35505            35.20853
 78.000           44.35558            35.20853
 79.000           44.35612            35.20853
 80.000           44.35665            35.20853
 81.000           44.35719            35.20853
 82.000           44.35773            35.20853
 83.000           44.35827            35.20853
 84.000           44.35882            35.20853
 85.000           44.35936            35.20853
 86.000           44.35990            35.20853
 87.000           44.36045            35.20853
 88.000           44.36099            35.20853
 89.000           44.36154            35.20853
 90.000           44.36209            35.20853
 91.000           44.36263            35.20853
 92.000           44.36318            35.20853
 93.000           44.36372            35.20853
 94.000           44.36427            35.20853
 95.000           44.36481            35.20853
 96.000           44.36536            35.20853
 97.000           44.36590            35.20853
 98.000           44.36644            35.20853
 99.000           44.36698            35.20853
100.000           44.36752            35.20853
101.000           44.36806            35.20853
102.000           44.36859            35.20853
103.000           44.36913            35.20853
104.000           44.36966            35.20853
105.000           44.37019            35.20853
106.000           44.37071            35.20853
107.000           44.37124            35.20853
108.000           44.37176            35.20853
109.000           44.37228            35.20853
110.000           44.37279            35.20853
111.000           44.37330            35.20852
112.000           44.37381            35.20852
113.000           44.37432            35.20852
114.000           44.37482            35.20852
115.000           44.37532            35.20852
116.000           44.37581            35.20852
117.000           44.37630            35.20852
118.000           44.37679            35.20852
119.000           44.37727            35.20852
120.000           44.37774            35.20852
121.000           44.37821            35.20852
122.000           44.37868            35.20852
123.000           44.37914            35.20852
124.000           44.37960            35.20852
125.000           44.38005            35.20852
126.000           44.38049            35.20852
127.000           44.38093            35.20852
128.000           44.38137            35.20852
129.000           44.38180            35.20852
130.000           44.38222            35.20852
131.000           44.38263            35.20852
132.000           44.38304            35.20852
133.000           44.38345            35.20852
134.000           44.38384            35.20852
135.000           44.38423            35.20852
136.000           44.38462            35.20852
137.000           44.38499            35.20852
138.000           44.38536            35.20852
139.000           44.38573            35.20852
140.000           44.38608            35.20852
141.000           44.38643            35.20852
142.000           44.38677            35.20852
143.000           44.38711            35.20852
144.000           44.38743            35.20852
145.000           44.38775            35.20852
146.000           44.38806            35.20852
147.000           44.38836            35.20852
148.000           44.38866            35.20852
149.000           44.38894            35.20852
150.000           44.38922            35.20852
151.000           44.38949            35.20852
152.000           44.38975            35.20852
153.000           44.39000            35.20852
154.000           44.39025            35.20852
155.000           44.39048            35.20852
156.000           44.39071            35.20852
157.000           44.39093            35.20852
158.000           44.39114            35.20852
159.000           44.39134            35.20852
160.000           44.39153            35.20852
161.000           44.39171            35.20852
162.000           44.39189            35.20852
163.000           44.39205            35.20852
164.000           44.39221            35.20852
165.000           44.39235            35.20852
166.000           44.39249            35.20852
167.000           44.39262            35.20852
168.000           44.39274            35.20852
169.000           44.39285            35.20852
170.000           44.39295            35.20852
171.000           44.39304            35.20852
172.000           44.39312            35.20852
173.000           44.39319            35.20852
174.000           44.39325            35.20852
175.000           44.39330            35.20852
176.000           44.39335            35.20852
177.000           44.39338            35.20852
178.000           44.39340            35.20852
179.000           44.39342            35.20852
