 angle               amplitude [mbarn**(1/2)]
                 Real part         Imaginary part

  1.000           -0.00026            -0.00529
  2.000           -0.00053            -0.01057
  3.000           -0.00080            -0.01583
  4.000           -0.00108            -0.02108
  5.000           -0.00138            -0.02631
  6.000           -0.00169            -0.03151
  7.000           -0.00202            -0.03667
  8.000           -0.00238            -0.04178
  9.000           -0.00277            -0.04686
 10.000           -0.00318            -0.05187
 11.000           -0.00363            -0.05683
 12.000           -0.00412            -0.06173
 13.000           -0.00465            -0.06655
 14.000           -0.00523            -0.07130
 15.000           -0.00586            -0.07596
 16.000           -0.00654            -0.08054
 17.000           -0.00729            -0.08503
 18.000           -0.00809            -0.08942
 19.000           -0.00897            -0.09371
 20.000           -0.00991            -0.09790
 21.000           -0.01094            -0.10197
 22.000           -0.01204            -0.10593
 23.000           -0.01324            -0.10977
 24.000           -0.01452            -0.11348
 25.000           -0.01590            -0.11706
 26.000           -0.01738            -0.12051
 27.000           -0.01897            -0.12383
 28.000           -0.02067            -0.12700
 29.000           -0.02248            -0.13003
 30.000           -0.02441            -0.13292
 31.000           -0.02646            -0.13565
 32.000           -0.02865            -0.13823
 33.000           -0.03097            -0.14066
 34.000           -0.03342            -0.14293
 35.000           -0.03602            -0.14503
 36.000           -0.03876            -0.14698
 37.000           -0.04166            -0.14875
 38.000           -0.04470            -0.15036
 39.000           -0.04790            -0.15181
 40.000           -0.05126            -0.15308
 41.000           -0.05479            -0.15418
 42.000           -0.05848            -0.15511
 43.000           -0.06233            -0.15586
 44.000           -0.06635            -0.15644
 45.000           -0.07054            -0.15685
 46.000           -0.07491            -0.15708
 47.000           -0.07944            -0.15714
 48.000           -0.08415            -0.15702
 49.000           -0.08903            -0.15673
 50.000           -0.09408            -0.15627
 51.000           -0.09930            -0.15563
 52.000           -0.10469            -0.15482
 53.000           -0.11025            -0.15384
 54.000           -0.11597            -0.15270
 55.000           -0.12185            -0.15138
 56.000           -0.12790            -0.14990
 57.000           -0.13409            -0.14826
 58.000           -0.14044            -0.14646
 59.000           -0.14694            -0.14449
 60.000           -0.15357            -0.14237
 61.000           -0.16034            -0.14010
 62.000           -0.16724            -0.13768
 63.000           -0.17426            -0.13511
 64.000           -0.18140            -0.13239
 65.000           -0.18865            -0.12954
 66.000           -0.19599            -0.12655
 67.000           -0.20343            -0.12342
 68.000           -0.21095            -0.12017
 69.000           -0.21854            -0.11679
 70.000           -0.22620            -0.11329
 71.000           -0.23391            -0.10967
 72.000           -0.24167            -0.10594
 73.000           -0.24946            -0.10211
 74.000           -0.25728            -0.09817
 75.000           -0.26510            -0.09413
 76.000           -0.27293            -0.09001
 77.000           -0.28075            -0.08579
 78.000           -0.28854            -0.08149
 79.000           -0.29630            -0.07712
 80.000           -0.30401            -0.07267
 81.000           -0.31167            -0.06816
 82.000           -0.31925            -0.06358
 83.000           -0.32675            -0.05895
 84.000           -0.33415            -0.05428
 85.000           -0.34145            -0.04955
 86.000           -0.34863            -0.04479
 87.000           -0.35567            -0.04000
 88.000           -0.36257            -0.03519
 89.000           -0.36931            -0.03035
 90.000           -0.37589            -0.02550
 91.000           -0.38228            -0.02063
 92.000           -0.38849            -0.01577
 93.000           -0.39449            -0.01091
 94.000           -0.40027            -0.00606
 95.000           -0.40583            -0.00123
 96.000           -0.41116             0.00359
 97.000           -0.41624             0.00837
 98.000           -0.42107             0.01313
 99.000           -0.42564             0.01785
100.000           -0.42993             0.02252
101.000           -0.43394             0.02714
102.000           -0.43767             0.03171
103.000           -0.44110             0.03621
104.000           -0.44422             0.04066
105.000           -0.44704             0.04502
106.000           -0.44954             0.04932
107.000           -0.45172             0.05353
108.000           -0.45358             0.05765
109.000           -0.45511             0.06168
110.000           -0.45631             0.06562
111.000           -0.45718             0.06945
112.000           -0.45771             0.07318
113.000           -0.45790             0.07680
114.000           -0.45775             0.08030
115.000           -0.45726             0.08368
116.000           -0.45643             0.08695
117.000           -0.45527             0.09008
118.000           -0.45377             0.09309
119.000           -0.45193             0.09596
120.000           -0.44977             0.09869
121.000           -0.44727             0.10129
122.000           -0.44446             0.10374
123.000           -0.44132             0.10604
124.000           -0.43787             0.10820
125.000           -0.43412             0.11021
126.000           -0.43006             0.11206
127.000           -0.42571             0.11376
128.000           -0.42107             0.11530
129.000           -0.41614             0.11668
130.000           -0.41095             0.11790
131.000           -0.40549             0.11896
132.000           -0.39978             0.11986
133.000           -0.39383             0.12060
134.000           -0.38763             0.12117
135.000           -0.38121             0.12157
136.000           -0.37458             0.12181
137.000           -0.36774             0.12189
138.000           -0.36070             0.12180
139.000           -0.35347             0.12155
140.000           -0.34607             0.12113
141.000           -0.33851             0.12055
142.000           -0.33079             0.11981
143.000           -0.32292             0.11891
144.000           -0.31492             0.11785
145.000           -0.30680             0.11663
146.000           -0.29857             0.11526
147.000           -0.29023             0.11373
148.000           -0.28180             0.11205
149.000           -0.27328             0.11023
150.000           -0.26469             0.10825
151.000           -0.25603             0.10613
152.000           -0.24732             0.10387
153.000           -0.23855             0.10147
154.000           -0.22974             0.09894
155.000           -0.22090             0.09628
156.000           -0.21202             0.09349
157.000           -0.20313             0.09057
158.000           -0.19422             0.08754
159.000           -0.18530             0.08439
160.000           -0.17637             0.08112
161.000           -0.16744             0.07776
162.000           -0.15852             0.07428
163.000           -0.14960             0.07071
164.000           -0.14069             0.06705
165.000           -0.13179             0.06330
166.000           -0.12290             0.05946
167.000           -0.11403             0.05555
168.000           -0.10517             0.05156
169.000           -0.09633             0.04751
170.000           -0.08751             0.04339
171.000           -0.07870             0.03922
172.000           -0.06991             0.03499
173.000           -0.06114             0.03072
174.000           -0.05238             0.02640
175.000           -0.04363             0.02206
176.000           -0.03489             0.01768
177.000           -0.02616             0.01328
178.000           -0.01744             0.00886
179.000           -0.00872             0.00443
