angle               amplitude [mbarn**(1/2)]
                 Real part         Imaginary part

  1.000           -1.69930             1.09849
  2.000           -1.69070             1.09763
  3.000           -1.67656             1.09621
  4.000           -1.65719             1.09421
  5.000           -1.63299             1.09166
  6.000           -1.60443             1.08855
  7.000           -1.57206             1.08488
  8.000           -1.53646             1.08068
  9.000           -1.49824             1.07593
 10.000           -1.45800             1.07066
 11.000           -1.41633             1.06486
 12.000           -1.37379             1.05856
 13.000           -1.33089             1.05176
 14.000           -1.28811             1.04447
 15.000           -1.24585             1.03671
 16.000           -1.20448             1.02848
 17.000           -1.16431             1.01981
 18.000           -1.12558             1.01070
 19.000           -1.08849             1.00118
 20.000           -1.05321             0.99124
 21.000           -1.01983             0.98092
 22.000           -0.98844             0.97022
 23.000           -0.95907             0.95915
 24.000           -0.93174             0.94774
 25.000           -0.90643             0.93599
 26.000           -0.88312             0.92393
 27.000           -0.86174             0.91156
 28.000           -0.84225             0.89891
 29.000           -0.82456             0.88598
 30.000           -0.80860             0.87278
 31.000           -0.79427             0.85934
 32.000           -0.78148             0.84567
 33.000           -0.77013             0.83178
 34.000           -0.76012             0.81767
 35.000           -0.75136             0.80338
 36.000           -0.74374             0.78889
 37.000           -0.73717             0.77424
 38.000           -0.73154             0.75942
 39.000           -0.72676             0.74445
 40.000           -0.72275             0.72934
 41.000           -0.71939             0.71411
 42.000           -0.71662             0.69875
 43.000           -0.71433             0.68328
 44.000           -0.71246             0.66771
 45.000           -0.71092             0.65204
 46.000           -0.70963             0.63629
 47.000           -0.70853             0.62047
 48.000           -0.70754             0.60457
 49.000           -0.70660             0.58861
 50.000           -0.70564             0.57261
 51.000           -0.70461             0.55655
 52.000           -0.70345             0.54045
 53.000           -0.70211             0.52433
 54.000           -0.70054             0.50817
 55.000           -0.69870             0.49200
 56.000           -0.69653             0.47582
 57.000           -0.69401             0.45963
 58.000           -0.69110             0.44344
 59.000           -0.68775             0.42726
 60.000           -0.68395             0.41109
 61.000           -0.67965             0.39494
 62.000           -0.67485             0.37881
 63.000           -0.66950             0.36272
 64.000           -0.66359             0.34666
 65.000           -0.65711             0.33064
 66.000           -0.65003             0.31468
 67.000           -0.64233             0.29876
 68.000           -0.63401             0.28291
 69.000           -0.62506             0.26712
 70.000           -0.61545             0.25140
 71.000           -0.60518             0.23576
 72.000           -0.59425             0.22020
 73.000           -0.58264             0.20472
 74.000           -0.57035             0.18933
 75.000           -0.55737             0.17404
 76.000           -0.54369             0.15884
 77.000           -0.52932             0.14375
 78.000           -0.51423             0.12877
 79.000           -0.49844             0.11390
 80.000           -0.48194             0.09914
 81.000           -0.46471             0.08450
 82.000           -0.44676             0.06999
 83.000           -0.42808             0.05560
 84.000           -0.40867             0.04134
 85.000           -0.38852             0.02721
 86.000           -0.36762             0.01322
 87.000           -0.34597            -0.00064
 88.000           -0.32357            -0.01435
 89.000           -0.30041            -0.02793
 90.000           -0.27647            -0.04136
 91.000           -0.25177            -0.05464
 92.000           -0.22628            -0.06778
 93.000           -0.20001            -0.08077
 94.000           -0.17294            -0.09360
 95.000           -0.14507            -0.10629
 96.000           -0.11640            -0.11882
 97.000           -0.08692            -0.13119
 98.000           -0.05663            -0.14341
 99.000           -0.02551            -0.15547
100.000            0.00644            -0.16737
101.000            0.03922            -0.17911
102.000            0.07284            -0.19070
103.000            0.10730            -0.20212
104.000            0.14260            -0.21339
105.000            0.17875            -0.22449
106.000            0.21576            -0.23543
107.000            0.25363            -0.24621
108.000            0.29235            -0.25683
109.000            0.33194            -0.26729
110.000            0.37240            -0.27759
111.000            0.41373            -0.28772
112.000            0.45593            -0.29770
113.000            0.49902            -0.30752
114.000            0.54299            -0.31718
115.000            0.58785            -0.32669
116.000            0.63361            -0.33604
117.000            0.68028            -0.34523
118.000            0.72786            -0.35427
119.000            0.77638            -0.36316
120.000            0.82583            -0.37190
121.000            0.87625            -0.38049
122.000            0.92763            -0.38894
123.000            0.98001            -0.39724
124.000            1.03340            -0.40541
125.000            1.08784            -0.41343
126.000            1.14334            -0.42131
127.000            1.19994            -0.42907
128.000            1.25767            -0.43669
129.000            1.31658            -0.44418
130.000            1.37669            -0.45154
131.000            1.43806            -0.45879
132.000            1.50073            -0.46591
133.000            1.56475            -0.47291
134.000            1.63018            -0.47980
135.000            1.69707            -0.48657
136.000            1.76550            -0.49324
137.000            1.83551            -0.49979
138.000            1.90719            -0.50624
139.000            1.98060            -0.51258
140.000            2.05582            -0.51882
141.000            2.13292            -0.52496
142.000            2.21198            -0.53099
143.000            2.29308            -0.53692
144.000            2.37630            -0.54275
145.000            2.46171            -0.54848
146.000            2.54941            -0.55411
147.000            2.63946            -0.55964
148.000            2.73194            -0.56506
149.000            2.82691            -0.57038
150.000            2.92443            -0.57560
151.000            3.02455            -0.58070
152.000            3.12731            -0.58569
153.000            3.23272            -0.59057
154.000            3.34079            -0.59533
155.000            3.45148            -0.59997
156.000            3.56475            -0.60448
157.000            3.68051            -0.60886
158.000            3.79862            -0.61311
159.000            3.91890            -0.61722
160.000            4.04112            -0.62119
161.000            4.16499            -0.62501
162.000            4.29015            -0.62867
163.000            4.41613            -0.63217
164.000            4.54243            -0.63551
165.000            4.66843            -0.63868
166.000            4.79342            -0.64168
167.000            4.91659            -0.64449
168.000            5.03707            -0.64712
169.000            5.15386            -0.64956
170.000            5.26592            -0.65180
171.000            5.37213            -0.65385
172.000            5.47134            -0.65569
173.000            5.56239            -0.65732
174.000            5.64413            -0.65874
175.000            5.71545            -0.65995
176.000            5.77535            -0.66094
177.000            5.82294            -0.66172
178.000            5.85748            -0.66227
179.000            5.87843            -0.66261
