1.0           -0.06388    
2.0           -0.03145    
3.0           -0.02038    
4.0           -0.01467    
5.0           -0.01109    
6.0           -0.00860    
7.0           -0.00671    
8.0           -0.00521    
9.0           -0.00397    
10.0          -0.00291    
11.0          -0.00199    
12.0          -0.00116    
13.0          -0.00041    
14.0           0.00028    
15.0           0.00091    
16.0           0.00151    
17.0           0.00206    
18.0           0.00259    
19.0           0.00309    
20.0           0.00357    
21.0           0.00403    
22.0           0.00447    
23.0           0.00489    
24.0           0.00529    
25.0           0.00568    
26.0           0.00605    
27.0           0.00642    
28.0           0.00677    
29.0           0.00710    
30.0           0.00743    
31.0           0.00774    
32.0           0.00804    
33.0           0.00833    
34.0           0.00861    
35.0           0.00889    
36.0           0.00914    
37.0           0.00939    
38.0           0.00963    
39.0           0.00986    
40.0           0.01008    
41.0           0.01029    
42.0           0.01049    
43.0           0.01068    
44.0           0.01086    
45.0           0.01104    
46.0           0.01120    
47.0           0.01135    
48.0           0.01149    
49.0           0.01163    
50.0           0.01175    
51.0           0.01187    
52.0           0.01197    
53.0           0.01207    
54.0           0.01216    
55.0           0.01224    
56.0           0.01231    
57.0           0.01237    
58.0           0.01242    
59.0           0.01246    
60.0           0.01250    
61.0           0.01253    
62.0           0.01255    
63.0           0.01256    
64.0           0.01256    
65.0           0.01256    
66.0           0.01254    
67.0           0.01252    
68.0           0.01250    
69.0           0.01246    
70.0           0.01242    
71.0           0.01237    
72.0           0.01231    
73.0           0.01225    
74.0           0.01218    
75.0           0.01211    
76.0           0.01202    
77.0           0.01193    
78.0           0.01184    
79.0           0.01174    
80.0           0.01164    
81.0           0.01153    
82.0           0.01141    
83.0           0.01129    
84.0           0.01116    
85.0           0.01103    
86.0           0.01090    
87.0           0.01076    
88.0           0.01062    
89.0           0.01047    
90.0           0.01032    
91.0           0.01017    
92.0           0.01001    
93.0           0.00986    
94.0           0.00969    
95.0           0.00953    
96.0           0.00936    
97.0           0.00919    
98.0           0.00902    
99.0           0.00885    
100.0          0.00868    
101.0          0.00850    
102.0          0.00833    
103.0          0.00815    
104.0          0.00797    
105.0          0.00779    
106.0          0.00761    
107.0          0.00744    
108.0          0.00726    
109.0          0.00708    
110.0          0.00690    
111.0          0.00672    
112.0          0.00654    
113.0          0.00637    
114.0          0.00619    
115.0          0.00602    
116.0          0.00584    
117.0          0.00567    
118.0          0.00550    
119.0          0.00533    
120.0          0.00517    
121.0          0.00500    
122.0          0.00484    
123.0          0.00468    
124.0          0.00452    
125.0          0.00436    
126.0          0.00421    
127.0          0.00406    
128.0          0.00391    
129.0          0.00377    
130.0          0.00362    
131.0          0.00348    
132.0          0.00335    
133.0          0.00321    
134.0          0.00308    
135.0          0.00295    
136.0          0.00283    
137.0          0.00271    
138.0          0.00259    
139.0          0.00247    
140.0          0.00236    
141.0          0.00225    
142.0          0.00214    
143.0          0.00204    
144.0          0.00194    
145.0          0.00185    
146.0          0.00175    
147.0          0.00166    
148.0          0.00158    
149.0          0.00149    
150.0          0.00141    
151.0          0.00133    
152.0          0.00126    
153.0          0.00118    
154.0          0.00112    
155.0          0.00105    
156.0          0.00098    
157.0          0.00092    
158.0          0.00086    
159.0          0.00081    
160.0          0.00075    
161.0          0.00070    
162.0          0.00065    
163.0          0.00060    
164.0          0.00056    
165.0          0.00051    
166.0          0.00047    
167.0          0.00043    
168.0          0.00039    
169.0          0.00035    
170.0          0.00032    
171.0          0.00028    
172.0          0.00025    
173.0          0.00021    
174.0          0.00018    
175.0          0.00015    
176.0          0.00012    
177.0          0.00009    
178.0          0.00006    
179.0          0.00003    
180.0          0.00000    
