1.0           -0.11173    
2.0           -0.04928    
3.0           -0.02518    
4.0           -0.01079    
5.0           -0.00029    
6.0            0.00824    
7.0            0.01566    
8.0            0.02238    
9.0            0.02863    
10.0           0.03454    
11.0           0.04022    
12.0           0.04570    
13.0           0.05104    
14.0           0.05625    
15.0           0.06137    
16.0           0.06639    
17.0           0.07134    
18.0           0.07622    
19.0           0.08102    
20.0           0.08577    
21.0           0.09045    
22.0           0.09506    
23.0           0.09962    
24.0           0.10411    
25.0           0.10854    
26.0           0.11290    
27.0           0.11720    
28.0           0.12142    
29.0           0.12557    
30.0           0.12965    
31.0           0.13365    
32.0           0.13757    
33.0           0.14141    
34.0           0.14516    
35.0           0.14883    
36.0           0.15241    
37.0           0.15590    
38.0           0.15929    
39.0           0.16258    
40.0           0.16578    
41.0           0.16887    
42.0           0.17186    
43.0           0.17475    
44.0           0.17752    
45.0           0.18019    
46.0           0.18274    
47.0           0.18518    
48.0           0.18750    
49.0           0.18970    
50.0           0.19178    
51.0           0.19375    
52.0           0.19558    
53.0           0.19730    
54.0           0.19888    
55.0           0.20034    
56.0           0.20167    
57.0           0.20287    
58.0           0.20393    
59.0           0.20487    
60.0           0.20567    
61.0           0.20634    
62.0           0.20687    
63.0           0.20727    
64.0           0.20753    
65.0           0.20766    
66.0           0.20766    
67.0           0.20752    
68.0           0.20725    
69.0           0.20685    
70.0           0.20632    
71.0           0.20565    
72.0           0.20486    
73.0           0.20394    
74.0           0.20290    
75.0           0.20173    
76.0           0.20045    
77.0           0.19904    
78.0           0.19752    
79.0           0.19590    
80.0           0.19416    
81.0           0.19232    
82.0           0.19037    
83.0           0.18833    
84.0           0.18620    
85.0           0.18397    
86.0           0.18166    
87.0           0.17927    
88.0           0.17680    
89.0           0.17426    
90.0           0.17165    
91.0           0.16898    
92.0           0.16625    
93.0           0.16347    
94.0           0.16064    
95.0           0.15776    
96.0           0.15484    
97.0           0.15189    
98.0           0.14890    
99.0           0.14589    
100.0          0.14286    
101.0          0.13981    
102.0          0.13675    
103.0          0.13368    
104.0          0.13060    
105.0          0.12752    
106.0          0.12444    
107.0          0.12137    
108.0          0.11830    
109.0          0.11525    
110.0          0.11221    
111.0          0.10920    
112.0          0.10620    
113.0          0.10323    
114.0          0.10028    
115.0          0.09736    
116.0          0.09447    
117.0          0.09162    
118.0          0.08880    
119.0          0.08602    
120.0          0.08327    
121.0          0.08057    
122.0          0.07790    
123.0          0.07528    
124.0          0.07271    
125.0          0.07017    
126.0          0.06769    
127.0          0.06524    
128.0          0.06285    
129.0          0.06050    
130.0          0.05821    
131.0          0.05596    
132.0          0.05376    
133.0          0.05160    
134.0          0.04950    
135.0          0.04745    
136.0          0.04545    
137.0          0.04350    
138.0          0.04160    
139.0          0.03975    
140.0          0.03795    
141.0          0.03620    
142.0          0.03451    
143.0          0.03286    
144.0          0.03126    
145.0          0.02971    
146.0          0.02821    
147.0          0.02676    
148.0          0.02535    
149.0          0.02400    
150.0          0.02269    
151.0          0.02143    
152.0          0.02021    
153.0          0.01904    
154.0          0.01792    
155.0          0.01684    
156.0          0.01580    
157.0          0.01480    
158.0          0.01384    
159.0          0.01293    
160.0          0.01205    
161.0          0.01121    
162.0          0.01040    
163.0          0.00963    
164.0          0.00889    
165.0          0.00818    
166.0          0.00750    
167.0          0.00685    
168.0          0.00622    
169.0          0.00562    
170.0          0.00503    
171.0          0.00447    
172.0          0.00393    
173.0          0.00340    
174.0          0.00289    
175.0          0.00239    
176.0          0.00190    
177.0          0.00142    
178.0          0.00094    
179.0          0.00047    
180.0          1e-10    
