0.5           -0.09025
1.0           -0.01873
1.5            0.01768
2.0            0.04525
2.5            0.06945
3.0            0.09212
3.5            0.11405
4.0            0.13563
4.5            0.15705
5.0            0.17838
5.5            0.19964
6.0            0.22080
6.5            0.24182
7.0            0.26262
7.5            0.28313
8.0            0.30325
8.5            0.32291
9.0            0.34203
9.5            0.36054
10.0           0.37837
10.5           0.39547
11.0           0.41180
11.5           0.42732
12.0           0.44200
12.5           0.45582
13.0           0.46877
13.5           0.48084
14.0           0.49202
14.5           0.50231
15.0           0.51172
15.5           0.52025
16.0           0.52790
16.5           0.53469
17.0           0.54061
17.5           0.54569
18.0           0.54992
18.5           0.55331
19.0           0.55588
19.5           0.55763
20.0           0.55857
20.5           0.55871
21.0           0.55805
21.5           0.55661
22.0           0.55438
22.5           0.55139
23.0           0.54764
23.5           0.54314
24.0           0.53790
24.5           0.53194
25.0           0.52526
25.5           0.51788
26.0           0.50982
26.5           0.50109
27.0           0.49172
27.5           0.48172
28.0           0.47111
28.5           0.45992
29.0           0.44817
29.5           0.43589
30.0           0.42311
30.5           0.40986
31.0           0.39616
31.5           0.38205
32.0           0.36757
32.5           0.35275
33.0           0.33762
33.5           0.32224
34.0           0.30663
34.5           0.29083
35.0           0.27490
35.5           0.25888
36.0           0.24280
36.5           0.22672
37.0           0.21067
37.5           0.19471
38.0           0.17888
38.5           0.16322
39.0           0.14778
39.5           0.13261
40.0           0.11773
40.5           0.10320
41.0           0.08904
41.5           0.07529
42.0           0.06198
42.5           0.04914
43.0           0.03679
43.5           0.02495
44.0           0.01363
44.5           0.00285
45.0          -0.00738
45.5          -0.01707
46.0          -0.02621
46.5          -0.03481
47.0          -0.04288
47.5          -0.05041
48.0          -0.05744
48.5          -0.06396
49.0          -0.07000
49.5          -0.07557
50.0          -0.08070
50.5          -0.08540
51.0          -0.08969
51.5          -0.09361
52.0          -0.09716
52.5          -0.10037
53.0          -0.10326
53.5          -0.10586
54.0          -0.10817
54.5          -0.11023
55.0          -0.11205
55.5          -0.11364
56.0          -0.11503
56.5          -0.11624
57.0          -0.11727
57.5          -0.11815
58.0          -0.11888
58.5          -0.11949
59.0          -0.11997
59.5          -0.12035
60.0          -0.12062
60.5          -0.12081
61.0          -0.12092
61.5          -0.12096
62.0          -0.12093
62.5          -0.12084
63.0          -0.12070
63.5          -0.12050
64.0          -0.12026
64.5          -0.11997
65.0          -0.11964
65.5          -0.11926
66.0          -0.11884
66.5          -0.11838
67.0          -0.11787
67.5          -0.11732
68.0          -0.11671
68.5          -0.11605
69.0          -0.11533
69.5          -0.11455
70.0          -0.11369
70.5          -0.11275
71.0          -0.11173
71.5          -0.11061
72.0          -0.10938
72.5          -0.10803
73.0          -0.10655
73.5          -0.10494
74.0          -0.10317
74.5          -0.10124
75.0          -0.09913
75.5          -0.09684
76.0          -0.09436
76.5          -0.09169
77.0          -0.08881
77.5          -0.08574
78.0          -0.08246
78.5          -0.07900
79.0          -0.07536
79.5          -0.07156
80.0          -0.06762
80.5          -0.06356
81.0          -0.05942
81.5          -0.05522
82.0          -0.05100
82.5          -0.04678
83.0          -0.04259
83.5          -0.03845
84.0          -0.03439
84.5          -0.03040
85.0          -0.02649
85.5          -0.02263
86.0          -0.01875
86.5          -0.01464    
