1	0.00015479	-0.00149	1.10389
2	0.000309475	-0.00075	1.41263
3	0.000463951	-0.0005	1.9279
4	0.000618113	-0.00037	2.67058
5	0.000771857	-0.00029	3.66158
6	0.000925079	-0.00024	4.8545
7	0.00107768	-0.0002	6.38839
8	0.00122955	-0.00018	7.83082
9	0.00138059	-0.00015	10.2039
10	0.0015307	-0.00014	11.9336
11	0.00167978	-0.00012	14.9982
12	0.00182774	-0.00011	17.6158
13	0.00197447	-0.0001	20.7447
14	0.00211988	-9e-05	24.5542
15	0.00226387	-8e-05	29.2984
16	0.00240635	-7e-05	35.3764
17	0.00254723	-6e-05	43.4538
18	0.00268642	-5e-05	54.7284
19	0.00282383	-4e-05	71.5957
20	0.00295937	-4e-05	74.9843
21	0.00309296	-3e-05	104.099
22	0.00322452	-2e-05	162.226
23	0.00335397	-2e-05	168.698
24	0.00348122	-1e-05	349.122
25	0.00360621	-0	0
26	0.00372886	0	0
27	0.00384909	1e-05	383.909
28	0.00396684	2e-05	197.342
29	0.00408204	2e-05	203.102
30	0.00419464	3e-05	138.821
31	0.00430455	4e-05	106.614
32	0.00441174	5e-05	87.2348
33	0.00451614	5e-05	89.3228
34	0.0046177	6e-05	75.9617
35	0.00471637	7e-05	66.3767
36	0.00481209	8e-05	59.1512
37	0.00490484	9e-05	53.4982
38	0.00499456	0.0001	48.9456
39	0.00508121	0.00011	45.1928
40	0.00516476	0.00012	42.0397
41	0.00524518	0.00013	39.3475
42	0.00532243	0.00014	37.0173
43	0.00539648	0.00015	34.9765
44	0.00546732	0.00016	33.1707
45	0.00553492	0.00017	31.5583
46	0.00559925	0.00018	30.107
47	0.00566031	0.00019	28.7911
48	0.00571809	0.0002	27.5904
49	0.00577256	0.00021	26.4884
50	0.00582373	0.00023	24.3205
51	0.00587158	0.00024	23.4649
52	0.00591612	0.00025	22.6645
53	0.00595735	0.00026	21.9129
54	0.00599527	0.00028	20.4117
55	0.00602988	0.00029	19.7927
56	0.00606121	0.0003	19.204
57	0.00608925	0.00031	18.6427
58	0.00611402	0.00033	17.5273
59	0.00613554	0.00034	17.0457
60	0.00615383	0.00035	16.5824
61	0.00616891	0.00037	15.6727
62	0.00618081	0.00038	15.2653
63	0.00618954	0.00039	14.8706
64	0.00619515	0.00041	14.1101
65	0.00619767	0.00042	13.7563
66	0.00619712	0.00043	13.4119
67	0.00619354	0.00044	13.0762
68	0.00618697	0.00046	12.4499
69	0.00617746	0.00047	12.1435
70	0.00616504	0.00048	11.8438
71	0.00614975	0.00049	11.5505
72	0.00613166	0.0005	11.2633
73	0.00611079	0.00051	10.9819
74	0.00608721	0.00052	10.7062
75	0.00606097	0.00053	10.4358
76	0.00603211	0.00054	10.1706
77	0.0060007	0.00055	9.91037
78	0.00596679	0.00056	9.65498
79	0.00593044	0.00057	9.40428
80	0.00589171	0.00058	9.15811
81	0.00585065	0.00058	9.08733
82	0.00580734	0.00059	8.84295
83	0.00576184	0.0006	8.60306
84	0.0057142	0.0006	8.52367
85	0.00566451	0.00061	8.28608
86	0.00561281	0.00061	8.20133
87	0.00555919	0.00062	7.96643
88	0.0055037	0.00062	7.87694
89	0.00544643	0.00062	7.78456
90.001	0.00538737	0.00062	7.68931
91	0.00532678	0.00062	7.59158
92	0.00526455	0.00062	7.49122
93	0.00520082	0.00062	7.38842
94	0.00513565	0.00062	7.2833
95	0.00506911	0.00062	7.17599
96	0.00500129	0.00062	7.06659
97	0.00493224	0.00062	6.95523
98	0.00486206	0.00061	6.97058
99	0.00479079	0.00061	6.85376
100	0.00471853	0.00061	6.7353
101	0.00464535	0.0006	6.74224
102	0.0045713	0.0006	6.61884
103	0.00449648	0.00059	6.62115
104	0.00442094	0.00058	6.62231
105	0.00434477	0.00058	6.49097
106	0.00426802	0.00057	6.48775
107	0.00419078	0.00056	6.48353
108	0.0041131	0.00055	6.47837
109	0.00403507	0.00054	6.47235
110	0.00395674	0.00053	6.46554
111	0.00387818	0.00052	6.45804
112	0.00379947	0.00051	6.44993
113	0.00372065	0.0005	6.44131
114	0.00364181	0.00049	6.43226
115	0.00356299	0.00048	6.4229
116	0.00348427	0.00047	6.41334
117	0.0034057	0.00046	6.40369
118	0.00332733	0.00044	6.56212
119	0.00324923	0.00043	6.55636
120	0.00317146	0.00042	6.55109
121	0.00309406	0.00041	6.54648
122	0.00301708	0.00039	6.73611
123	0.00294059	0.00038	6.73839
124	0.00286462	0.00037	6.74221
125	0.00278922	0.00035	6.96921
126	0.00271444	0.00034	6.98366
127	0.00264033	0.00033	7.00099
128	0.00256691	0.00032	7.02161
129	0.00249424	0.0003	7.31414
130	0.00242235	0.00029	7.35292
131	0.00235127	0.00028	7.39738
132	0.00228103	0.00026	7.7732
133	0.00221168	0.00025	7.8467
134	0.00214322	0.00024	7.9301
135	0.0020757	0.00022	8.43502
136	0.00200914	0.00021	8.56733
137	0.00194355	0.0002	8.71776
138	0.00187896	0.00019	8.88927
139	0.00181539	0.00017	9.67874
140	0.00175284	0.00016	9.95524
141	0.00169133	0.00015	10.2756
142	0.00163088	0.00014	10.6491
143	0.00157149	0.00012	12.0957
144	0.00151316	0.00011	12.756
145	0.0014559	0.0001	13.559
146	0.00139971	9e-05	14.5523
147	0.00134459	8e-05	15.8074
148	0.00129054	6e-05	20.5089
149	0.00123754	5e-05	23.7508
150	0.0011856	4e-05	28.64
151	0.0011347	3e-05	36.8233
152	0.00108483	2e-05	53.2414
153	0.00103597	0	0
154	0.000988118	-1e-05	99.8118
155	0.000941243	-2e-05	48.0621
156	0.000895329	-3e-05	30.8443
157	0.000850353	-5e-05	18.0071
158	0.000806292	-6e-05	14.4382
159	0.00076312	-7e-05	11.9017
160	0.000720807	-9e-05	9.00897
161	0.000679327	-0.0001	7.79327
162	0.000638646	-0.00012	6.32205
163	0.000598734	-0.00014	5.27667
164	0.000559554	-0.00016	4.49722
165	0.000521074	-0.00018	3.89485
166	0.000483254	-0.0002	3.41627
167	0.000446057	-0.00022	3.02753
168	0.000409444	-0.00025	2.63778
169	0.000373374	-0.00028	2.33348
170	0.000337806	-0.00032	2.05564
171	0.000302697	-0.00036	1.84083
172	0.000268004	-0.00042	1.63811
173	0.000233683	-0.00049	1.4769
174	0.000199688	-0.00058	1.34429
175	0.000165975	-0.0007	1.23711
176	0.000132496	-0.00089	1.14887
177	9.92067e-05	-0.00119	1.08337
178	6.60588e-05	-0.0018	1.0367
179	3.30057e-05	-0.0036	1.00917
180	0	-0.04596	1
