1	-0.0108523	-0.00149	6.28341
2	-0.0217452	-0.00075	27.9936
3	-0.0327185	-0.0005	64.437
4	-0.0438098	-0.00037	117.405
5	-0.0550538	-0.00029	188.841
6	-0.0664814	-0.00024	276.006
7	-0.0781186	-0.0002	389.593
8	-0.0899858	-0.00018	498.921
9	-0.102097	-0.00015	679.649
10	-0.11446	-0.00014	816.574
11	-0.127075	-0.00012	1057.96
12	-0.139935	-0.00011	1271.14
13	-0.153026	-0.0001	1529.26
14	-0.166328	-9e-05	1847.09
15	-0.179814	-8e-05	2246.68
16	-0.193454	-7e-05	2762.63
17	-0.207214	-6e-05	3452.57
18	-0.221057	-5e-05	4420.14
19	-0.234947	-4e-05	5872.67
20	-0.248847	-4e-05	6220.18
21	-0.262724	-3e-05	8756.47
22	-0.276547	-2e-05	13826.3
23	-0.290288	-2e-05	14513.4
24	-0.303926	-1e-05	30391.6
25	-0.317442	-0	0
26	-0.330823	0	0
27	-0.344059	1e-05	34406.9
28	-0.357144	2e-05	17858.2
29	-0.370074	2e-05	18504.7
30	-0.38285	3e-05	12762.7
31	-0.395471	4e-05	9887.77
32	-0.407938	5e-05	8159.75
33	-0.420252	5e-05	8406.04
34	-0.432415	6e-05	7207.92
35	-0.444427	7e-05	6349.96
36	-0.456288	8e-05	5704.6
37	-0.467997	9e-05	5200.97
38	-0.479552	0.0001	4796.52
39	-0.49095	0.00011	4464.18
40	-0.502188	0.00012	4185.9
41	-0.513262	0.00013	3949.17
42	-0.524168	0.00014	3745.06
43	-0.534902	0.00015	3567.01
44	-0.545457	0.00016	3410.11
45	-0.55583	0.00017	3270.59
46	-0.566013	0.00018	3145.52
47	-0.576	0.00019	3032.58
48	-0.585785	0.0002	2929.92
49	-0.595359	0.00021	2836.04
50	-0.604712	0.00023	2630.18
51	-0.613836	0.00024	2558.65
52	-0.622717	0.00025	2491.87
53	-0.631342	0.00026	2429.24
54	-0.639697	0.00028	2285.63
55	-0.647765	0.00029	2234.67
56	-0.655528	0.0003	2186.09
57	-0.662966	0.00031	2139.6
58	-0.670059	0.00033	2031.48
59	-0.676784	0.00034	1991.54
60	-0.683119	0.00035	1952.77
61	-0.689041	0.00037	1863.27
62	-0.694527	0.00038	1828.7
63	-0.699555	0.00039	1794.73
64	-0.704105	0.00041	1718.33
65	-0.708159	0.00042	1687.09
66	-0.711699	0.00043	1656.11
67	-0.714713	0.00044	1625.35
68	-0.717189	0.00046	1560.11
69	-0.719122	0.00047	1531.05
70	-0.720508	0.00048	1502.06
71	-0.721345	0.00049	1473.13
72	-0.721635	0.0005	1444.27
73	-0.721384	0.00051	1415.48
74	-0.720595	0.00052	1386.76
75	-0.719274	0.00053	1358.12
76	-0.717426	0.00054	1329.57
77	-0.715055	0.00055	1301.1
78	-0.712163	0.00056	1272.72
79	-0.708747	0.00057	1244.41
80	-0.704802	0.00058	1216.18
81	-0.700323	0.00058	1208.45
82	-0.695296	0.00059	1179.47
83	-0.689709	0.0006	1150.52
84	-0.683547	0.0006	1140.24
85	-0.676793	0.00061	1110.5
86	-0.669433	0.00061	1098.43
87	-0.661453	0.00062	1067.86
88	-0.652844	0.00062	1053.97
89	-0.643604	0.00062	1039.07
90.001	-0.633725	0.00062	1023.14
91	-0.623249	0.00062	1006.24
92	-0.612166	0.00062	988.365
93	-0.600517	0.00062	969.577
94	-0.588343	0.00062	949.94
95	-0.575692	0.00062	929.535
96	-0.562622	0.00062	908.455
97	-0.549199	0.00062	886.805
98	-0.535493	0.00061	878.858
99	-0.521578	0.00061	856.047
100	-0.507531	0.00061	833.017
101	-0.493425	0.0006	823.374
102	-0.479333	0.0006	799.888
103	-0.465323	0.00059	789.684
104	-0.451458	0.00058	779.376
105	-0.437791	0.00058	755.813
106	-0.424371	0.00057	745.51
107	-0.411234	0.00056	735.346
108	-0.398411	0.00055	725.384
109	-0.385924	0.00054	715.674
110	-0.373785	0.00053	706.256
111	-0.362002	0.00052	697.158
112	-0.350574	0.00051	688.4
113	-0.339496	0.0005	679.992
114	-0.328758	0.00049	671.934
115	-0.318347	0.00048	664.222
116	-0.308247	0.00047	656.846
117	-0.298444	0.00046	649.791
118	-0.288919	0.00044	657.633
119	-0.279656	0.00043	651.363
120	-0.27064	0.00042	645.382
121	-0.261859	0.00041	639.681
122	-0.2533	0.00039	650.488
123	-0.244956	0.00038	645.62
124	-0.236819	0.00037	641.051
125	-0.228886	0.00035	654.961
126	-0.221156	0.00034	651.459
127	-0.213629	0.00033	648.362
128	-0.206308	0.00032	645.712
129	-0.199195	0.0003	664.984
130	-0.192295	0.00029	664.086
131	-0.185612	0.00028	663.899
132	-0.179149	0.00026	690.035
133	-0.17291	0.00025	692.639
134	-0.166896	0.00024	696.399
135	-0.161107	0.00022	733.305
136	-0.155542	0.00021	741.676
137	-0.150197	0.0002	751.983
138	-0.145065	0.00019	764.5
139	-0.140139	0.00017	825.348
140	-0.135408	0.00016	847.302
141	-0.13086	0.00015	873.398
142	-0.126479	0.00014	904.419
143	-0.122248	0.00012	1019.74
144	-0.11815	0.00011	1075.09
145	-0.114163	0.0001	1142.63
146	-0.110267	9e-05	1226.19
147	-0.106439	8e-05	1331.49
148	-0.102657	6e-05	1711.94
149	-0.0988972	5e-05	1978.94
150	-0.0951398	4e-05	2379.49
151	-0.0913645	3e-05	3046.48
152	-0.0875544	2e-05	4378.72
153	-0.0836961	0	0
154	-0.0797808	-1e-05	7977.08
155	-0.075805	-2e-05	3789.25
156	-0.0717712	-3e-05	2391.37
157	-0.0676879	-5e-05	1352.76
158	-0.06357	-6e-05	1058.5
159	-0.0594378	-7e-05	848.111
160	-0.055316	-9e-05	613.622
161	-0.0512324	-0.0001	511.324
162	-0.0472163	-0.00012	392.469
163	-0.0432964	-0.00014	308.26
164	-0.0394994	-0.00016	245.872
165	-0.0358486	-0.00018	198.159
166	-0.0323623	-0.0002	160.811
167	-0.0290536	-0.00022	131.062
168	-0.0259303	-0.00025	102.721
169	-0.0229943	-0.00028	81.1224
170	-0.0202429	-0.00032	62.2589
171	-0.0176688	-0.00036	48.0799
172	-0.0152611	-0.00042	35.336
173	-0.0130061	-0.00049	25.543
174	-0.0108877	-0.00058	17.7719
175	-0.00888833	-0.0007	11.6976
176	-0.00698921	-0.00089	6.85304
177	-0.00517085	-0.00119	3.34525
178	-0.00341333	-0.0018	0.896297
179	-0.00169649	-0.0036	0.528754
180	-0	-0.04596	1
