1	0.286917	0.29124	0.0148439
2	0.287265	0.28714	0.000434711
3	0.287843	0.2869	0.00328609
4	0.288648	0.28742	0.00427181
5	0.289676	0.28832	0.00470249
6	0.290922	0.28951	0.00487596
7	0.292379	0.29094	0.00494603
8	0.294041	0.29259	0.00495779
9	0.295898	0.29444	0.0049524
10	0.297943	0.29649	0.00489925
11	0.300164	0.29871	0.00486684
12	0.302551	0.3011	0.00481903
13	0.305093	0.30365	0.00475168
14	0.307777	0.30634	0.00469176
15	0.310592	0.30915	0.00466374
16	0.313524	0.31209	0.00459333
17	0.316559	0.31512	0.00456757
18	0.319686	0.31824	0.00454332
19	0.32289	0.32144	0.00451015
20	0.326158	0.3247	0.00448906
21	0.329476	0.32801	0.00447002
22	0.332833	0.33136	0.00444406
23	0.336214	0.33473	0.00443353
24	0.339608	0.33811	0.00443139
25	0.343004	0.3415	0.0044028
26	0.346389	0.34487	0.00440324
27	0.349753	0.34823	0.00437237
28	0.353086	0.35156	0.00433965
29	0.356378	0.35484	0.0043353
30	0.359622	0.35808	0.00430625
31	0.362809	0.36127	0.00425885
32	0.365931	0.36439	0.00422873
33	0.368982	0.36745	0.00417023
34	0.371957	0.37043	0.00412237
35	0.37485	0.37333	0.00407094
36	0.377656	0.37615	0.00400388
37	0.380372	0.37888	0.00393761
38	0.382994	0.38152	0.00386329
39	0.385519	0.38406	0.00379991
40	0.387946	0.38651	0.00371535
41	0.390272	0.38886	0.00363115
42	0.392496	0.3911	0.00356945
43	0.394617	0.39325	0.00347641
44	0.396635	0.39529	0.00340182
45	0.398549	0.39723	0.00331955
46	0.400359	0.39906	0.00325507
47	0.402066	0.40079	0.00318403
48	0.403671	0.40242	0.00310814
49	0.405174	0.40395	0.00302964
50	0.406576	0.40537	0.00297609
51	0.40788	0.4067	0.00290115
52	0.409086	0.40793	0.00283336
53	0.410196	0.40906	0.00277682
54	0.411212	0.4101	0.00271153
55	0.412136	0.41104	0.00266688
56	0.412971	0.4119	0.00259929
57	0.413718	0.41267	0.00253873
58	0.41438	0.41335	0.00249095
59	0.414959	0.41395	0.00243772
60	0.415459	0.41447	0.00238525
61	0.415881	0.41491	0.00233992
62	0.416229	0.41528	0.00228403
63	0.416504	0.41558	0.00222413
64	0.416711	0.4158	0.00219087
65	0.416851	0.41596	0.00214254
66	0.416928	0.41606	0.00208557
67	0.416943	0.41609	0.00205034
68	0.4169	0.41607	0.00199477
69	0.416801	0.41598	0.00197289
70	0.416648	0.41585	0.00191802
71	0.416443	0.41566	0.00188358
72	0.416189	0.41542	0.00185032
73	0.415887	0.41514	0.00179857
74	0.415539	0.4148	0.00178056
75	0.415146	0.41443	0.00172734
76	0.41471	0.41401	0.00169014
77	0.414231	0.41355	0.0016472
78	0.413711	0.41305	0.00160029
79	0.41315	0.4125	0.00157488
80	0.412547	0.41192	0.00152302
81	0.411904	0.41129	0.00149321
82	0.41122	0.41063	0.00143605
83	0.410493	0.40992	0.00139886
84	0.409724	0.40918	0.00133067
85	0.408912	0.40838	0.00130206
86	0.408054	0.40755	0.00123598
87	0.407149	0.40667	0.00117713
88	0.406195	0.40573	0.00114514
89	0.405189	0.40475	0.00108482
90.001	0.404128	0.40371	0.00103614
91	0.403012	0.40261	0.000999698
92	0.401835	0.40146	0.000934068
93	0.400593	0.40023	0.000907341
94	0.399283	0.39894	0.000859368
95	0.3979	0.39757	0.000828979
96	0.396439	0.39612	0.00080406
97	0.394894	0.39458	0.000796724
98	0.393262	0.39295	0.000792843
99	0.391534	0.39123	0.000777092
100	0.389705	0.3894	0.000784289
101	0.387769	0.38746	0.000797316
102	0.385717	0.38541	0.000797796
103	0.383544	0.38323	0.000818284
104	0.381239	0.38091	0.000864973
105	0.378797	0.37846	0.000890578
106	0.376208	0.37586	0.000925726
107	0.373464	0.37311	0.0009476
108	0.370555	0.37019	0.000986207
109	0.367474	0.36709	0.0010448
110	0.36421	0.36382	0.00107142
111	0.360755	0.36035	0.00112303
112	0.357099	0.35669	0.00114647
113	0.353233	0.35282	0.00117143
114	0.349149	0.34873	0.00120034
115	0.344836	0.34442	0.00120693
116	0.340286	0.33987	0.00122286
117	0.33549	0.33508	0.00122229
118	0.330439	0.33003	0.00123919
119	0.325126	0.32473	0.00121798
120	0.319541	0.31915	0.00122576
121	0.313678	0.3133	0.00120771
122	0.30753	0.30716	0.00120388
123	0.301089	0.30072	0.00122575
124	0.294349	0.29399	0.00121949
125	0.287304	0.28695	0.00123265
126	0.279949	0.2796	0.00124811
127	0.27228	0.27193	0.00128608
128	0.264292	0.26394	0.001334
129	0.255983	0.25562	0.00142002
130	0.24735	0.24697	0.0015392
131	0.238392	0.23799	0.00169007
132	0.229109	0.22869	0.00183186
133	0.219501	0.21905	0.00205925
134	0.209571	0.20909	0.00229905
135	0.199321	0.1988	0.00262172
136	0.188757	0.18819	0.00301496
137	0.177886	0.17728	0.00341659
138	0.166714	0.16606	0.00393983
139	0.155253	0.15456	0.00448371
140	0.143514	0.14277	0.00521017
141	0.131511	0.13073	0.00597224
142	0.11926	0.11844	0.00692142
143	0.106779	0.10592	0.00811203
144	0.0940897	0.0932	0.00954585
145	0.081214	0.0803	0.0113819
146	0.0681772	0.06725	0.013788
147	0.0550069	0.05407	0.0173269
148	0.0417323	0.04079	0.0231025
149	0.0283852	0.02744	0.0344476
150	0.014999	0.01406	0.0667821
151	0.00160856	0.00069	1.33125
152	-0.0117494	-0.01265	0.0711899
153	-0.0250374	-0.02592	0.0340497
154	-0.0382169	-0.03907	0.0218349
155	-0.0512489	-0.05208	0.0159584
156	-0.0640942	-0.06489	0.0122641
157	-0.0767138	-0.07749	0.0100166
158	-0.0890693	-0.08982	0.00835795
159	-0.101123	-0.10186	0.00723543
160	-0.112838	-0.11356	0.0063535
161	-0.124181	-0.12489	0.00567862
162	-0.135117	-0.13582	0.00517863
163	-0.145615	-0.14632	0.00482032
164	-0.155646	-0.15636	0.00456811
165	-0.165183	-0.16591	0.0043833
166	-0.174201	-0.17495	0.00428055
167	-0.182678	-0.18346	0.00426009
168	-0.190595	-0.1914	0.00420723
169	-0.197932	-0.19877	0.0042146
170	-0.204675	-0.20555	0.00425447
171	-0.210811	-0.21172	0.00429359
172	-0.216327	-0.21728	0.00438533
173	-0.221214	-0.2222	0.0044359
174	-0.225464	-0.22648	0.00448413
175	-0.229071	-0.23012	0.00455935
176	-0.232028	-0.2331	0.00459829
177	-0.234332	-0.23543	0.00466245
178	-0.23598	-0.23709	0.00468064
179	-0.23697	-0.23809	0.00470467
180	-0.2373	-0.23842	0.00469816
