1	0.00464182	-0.11173	1.04155
2	0.00928323	-0.04928	1.18838
3	0.0139238	-0.02518	1.55297
4	0.0185629	-0.01079	2.72038
5	0.0232001	-0.00029	81.0005
6	0.0278347	0.00824	2.378
7	0.0324658	0.01566	1.07316
8	0.0370923	0.02238	0.657388
9	0.0417133	0.02863	0.456978
10	0.0463273	0.03454	0.341264
11	0.0509327	0.04022	0.266353
12	0.0555279	0.0457	0.215053
13	0.0601109	0.05104	0.177722
14	0.0646796	0.05625	0.14986
15	0.0692315	0.06137	0.128101
16	0.0737642	0.06639	0.111075
17	0.078275	0.07134	0.0972101
18	0.0827608	0.07622	0.0858151
19	0.0872188	0.08102	0.0765093
20	0.0916457	0.08577	0.0685049
21	0.0960382	0.09045	0.0617823
22	0.100393	0.09506	0.0561019
23	0.104707	0.09962	0.0510616
24	0.108976	0.10411	0.0467378
25	0.113197	0.10854	0.0429048
26	0.117366	0.1129	0.0395601
27	0.121481	0.1172	0.036525
28	0.125537	0.12142	0.033904
29	0.129531	0.12557	0.0315412
30	0.133459	0.12965	0.0293823
31	0.13732	0.13365	0.0274575
32	0.141108	0.13757	0.0257198
33	0.144822	0.14141	0.0241286
34	0.148458	0.14516	0.0227193
35	0.152013	0.14883	0.0213869
36	0.155484	0.15241	0.0201718
37	0.158869	0.1559	0.0190458
38	0.162165	0.15929	0.0180478
39	0.165368	0.16258	0.0171515
40	0.168478	0.16578	0.0162721
41	0.17149	0.16887	0.0155124
42	0.174402	0.17186	0.0147909
43	0.177212	0.17475	0.0140902
44	0.179918	0.17752	0.0135089
45	0.182517	0.18019	0.0129146
46	0.185007	0.18274	0.012405
47	0.187385	0.18518	0.011909
48	0.18965	0.1875	0.0114671
49	0.191799	0.1897	0.0110653
50	0.19383	0.19178	0.0106905
51	0.195741	0.19375	0.0102787
52	0.197531	0.19558	0.00997533
53	0.199197	0.1973	0.00961394
54	0.200737	0.19888	0.00933898
55	0.202151	0.20034	0.00903905
56	0.203436	0.20167	0.00875684
57	0.204591	0.20287	0.00848482
58	0.205616	0.20393	0.00826591
59	0.206508	0.20487	0.00799537
60	0.207267	0.20567	0.00776727
61	0.207893	0.20634	0.00752851
62	0.208385	0.20687	0.00732508
63	0.208743	0.20727	0.0071063
64	0.208966	0.20753	0.00691994
65	0.209055	0.20766	0.00671759
66	0.20901	0.20766	0.0065005
67	0.208831	0.20752	0.00631938
68	0.20852	0.20725	0.00612909
69	0.208077	0.20685	0.00593399
70	0.207504	0.20632	0.0057395
71	0.206802	0.20565	0.00560105
72	0.205972	0.20486	0.00542873
73	0.205017	0.20394	0.00528017
74	0.203938	0.2029	0.00511603
75	0.202738	0.20173	0.0049968
76	0.201419	0.20045	0.00483507
77	0.199984	0.19904	0.00474407
78	0.198436	0.19752	0.00463784
79	0.196778	0.1959	0.00448007
80	0.195012	0.19416	0.00438924
81	0.193143	0.19232	0.00428012
82	0.191174	0.19037	0.00422338
83	0.189108	0.18833	0.00413355
84	0.18695	0.1862	0.00403003
85	0.184704	0.18397	0.00398833
86	0.182373	0.18166	0.00392266
87	0.179961	0.17927	0.00385544
88	0.177474	0.1768	0.00381081
89	0.174915	0.17426	0.00375718
90.001	0.172286	0.17165	0.00370452
91	0.1696	0.16898	0.00366724
92	0.166853	0.16625	0.00362539
93	0.164052	0.16347	0.00356147
94	0.161203	0.16064	0.00350276
95	0.158309	0.15776	0.00347845
96	0.155375	0.15484	0.00345502
97	0.152406	0.15189	0.00339617
98	0.149406	0.1489	0.00339716
99	0.146379	0.14589	0.00335432
100	0.143331	0.14286	0.00329524
101	0.140264	0.13981	0.00324926
102	0.137184	0.13675	0.00317432
103	0.134094	0.13368	0.00309876
104	0.130999	0.1306	0.00305277
105	0.127901	0.12752	0.00298987
106	0.124806	0.12444	0.00293859
107	0.121715	0.12137	0.00284666
108	0.118634	0.1183	0.00282485
109	0.115565	0.11525	0.00273341
110	0.112511	0.11221	0.00268432
111	0.109476	0.1092	0.0025252
112	0.106462	0.1062	0.00246274
113	0.103471	0.10323	0.0023377
114	0.100508	0.10028	0.00227044
115	0.0975731	0.09736	0.00218849
116	0.0946698	0.09447	0.00211496
117	0.0918	0.09162	0.00196492
118	0.0889658	0.0888	0.00186674
119	0.0861689	0.08602	0.00173095
120	0.0834111	0.08327	0.00169506
121	0.0806941	0.08057	0.00154047
122	0.0780193	0.0779	0.00153087
123	0.0753879	0.07528	0.00143316
124	0.0728012	0.07271	0.00125437
125	0.0702603	0.07017	0.0012864
126	0.067766	0.06769	0.0011229
127	0.0653192	0.06524	0.00121474
128	0.0629207	0.06285	0.00112473
129	0.0605709	0.0605	0.00117223
130	0.0582704	0.05821	0.00103812
131	0.0560196	0.05596	0.0010652
132	0.0538188	0.05376	0.00109297
133	0.0516681	0.0516	0.00131964
134	0.0495678	0.0495	0.00136881
135	0.0475178	0.04745	0.00142923
136	0.0455183	0.04545	0.00150242
137	0.0435691	0.0435	0.00158886
138	0.0416702	0.0416	0.00168786
139	0.0398214	0.03975	0.00179744
140	0.0380226	0.03795	0.00191418
141	0.0362736	0.0362	0.00203306
142	0.0345741	0.03451	0.00185677
143	0.0329238	0.03286	0.00194239
144	0.0313226	0.03126	0.00200145
145	0.02977	0.02971	0.00201911
146	0.0282658	0.02821	0.00197681
147	0.0268095	0.02676	0.00185141
148	0.0254009	0.02535	0.00200934
149	0.0240395	0.024	0.00164697
150	0.0227249	0.02269	0.00153626
151	0.0214564	0.02143	0.00123322
152	0.0202337	0.02021	0.001172
153	0.019056	0.01904	0.000841668
154	0.0179228	0.01792	0.000154855
155	0.0168332	0.01684	0.000404032
156	0.0157865	0.0158	0.000855995
157	0.0147817	0.0148	0.00123513
158	0.013818	0.01384	0.00159286
159	0.0128941	0.01293	0.00277511
160	0.0120091	0.01205	0.00339753
161	0.0111615	0.01121	0.00432272
162	0.0103502	0.0104	0.00478466
163	0.00957374	0.00963	0.00584227
164	0.00883054	0.00889	0.00668792
165	0.00811908	0.00818	0.00744743
166	0.00743769	0.0075	0.00830744
167	0.00678467	0.00685	0.00953794
168	0.00615821	0.00622	0.00993471
169	0.00555647	0.00562	0.0113039
170	0.00497756	0.00503	0.0104246
171	0.00441954	0.00447	0.0112891
172	0.00388041	0.00393	0.012619
173	0.00335815	0.0034	0.0123082
174	0.00285072	0.00289	0.0135915
175	0.00235604	0.00239	0.0142102
176	0.00187201	0.0019	0.014733
177	0.00139652	0.00142	0.0165372
178	0.000927443	0.00094	0.0133589
179	0.00046265	0.00047	0.0156381
180	0	0	0
