1	16.838	16.969	0.00772043
2	16.8293	16.854	0.00146622
3	16.8148	16.82	0.000307257
4	16.7947	16.793	0.000101079
5	16.769	16.763	0.000357168
6	16.7378	16.73	0.000468048
7	16.7014	16.692	0.000562012
8	16.6598	16.65	0.00058954
9	16.6133	16.602	0.000682538
10	16.5621	16.55	0.000733687
11	16.5065	16.494	0.000756527
12	16.4466	16.433	0.000826364
13	16.3827	16.369	0.000836778
14	16.3151	16.301	0.000864211
15	16.244	16.229	0.000924922
16	16.1697	16.155	0.000911635
17	16.0925	16.077	0.000963977
18	16.0126	15.997	0.000973796
19	15.9302	15.915	0.000956199
20	15.8457	15.83	0.000989361
21	15.7591	15.743	0.00102546
22	15.6709	15.655	0.00101501
23	15.5811	15.566	0.00097104
24	15.49	15.475	0.000970831
25	15.3978	15.383	0.000962631
26	15.3047	15.29	0.000958181
27	15.2107	15.196	0.000968776
28	15.1162	15.101	0.00100528
29	15.0212	15.007	0.000944737
30	14.9259	14.912	0.000928912
31	14.8303	14.816	0.000967467
32	14.7347	14.721	0.000933758
33	14.6392	14.626	0.000902628
34	14.5438	14.53	0.000950399
35	14.4487	14.435	0.000946964
36	14.3539	14.341	0.000897982
37	14.2595	14.247	0.000879196
38	14.1657	14.153	0.000897349
39	14.0725	14.06	0.000887927
40	13.98	13.967	0.000927807
41	13.8882	13.876	0.000879333
42	13.7973	13.785	0.000891498
43	13.7073	13.695	0.000897869
44	13.6183	13.606	0.000903723
45	13.5304	13.518	0.000914403
46	13.4436	13.432	0.000860815
47	13.358	13.346	0.00089703
48	13.2737	13.262	0.00087915
49	13.1907	13.179	0.000887409
50	13.1091	13.098	0.000851206
51	13.0291	13.018	0.000851928
52	12.9506	12.939	0.000895587
53	12.8737	12.863	0.000832644
54	12.7985	12.788	0.000823048
55	12.7251	12.715	0.000794308
56	12.6535	12.643	0.000830505
57	12.5838	12.574	0.000778731
58	12.516	12.506	0.000802722
59	12.4503	12.441	0.000747857
60	12.3866	12.377	0.000779572
61	12.3251	12.316	0.000741509
62	12.2658	12.257	0.000718993
63	12.2087	12.2	0.000716812
64	12.154	12.146	0.000657244
65	12.1016	12.093	0.000709238
66	12.0516	12.044	0.000628948
67	12.004	11.996	0.000668804
68	11.959	11.952	0.000582583
69	11.9164	11.909	0.000624291
70	11.8765	11.87	0.000545431
71	11.8391	11.832	0.000601326
72	11.8044	11.798	0.000541318
73	11.7723	11.766	0.000536768
74	11.7429	11.737	0.000504866
75	11.7162	11.71	0.00053258
76	11.6923	11.686	0.000536117
77	11.671	11.665	0.000516485
78	11.6525	11.647	0.000474461
79	11.6368	11.631	0.000496607
80	11.6238	11.619	0.000411302
81	11.6135	11.609	0.000390719
82	11.606	11.601	0.000434884
83	11.6013	11.597	0.000370958
84	11.5993	11.595	0.000370781
85	11.6	11.596	0.00034724
86	11.6035	11.599	0.000385499
87	11.6096	11.606	0.000311757
88	11.6184	11.615	0.000296962
89	11.6299	11.626	0.00033923
90.001	11.6441	11.64	0.000351789
91	11.6608	11.657	0.00032859
92	11.6802	11.677	0.000271407
93	11.7021	11.699	0.000262068
94	11.7265	11.723	0.000297557
95	11.7534	11.75	0.00028951
96	11.7828	11.78	0.000235133
97	11.8146	11.812	0.000216224
98	11.8487	11.846	0.000229094
99	11.8852	11.882	0.000269911
100	11.924	11.921	0.000250817
101	11.965	11.962	0.000252252
102	12.0082	12.006	0.000186832
103	12.0536	12.051	0.000217393
104	12.1011	12.098	0.000256213
105	12.1506	12.148	0.00021687
106	12.2022	12.199	0.000260367
107	12.2557	12.253	0.000218467
108	12.3111	12.308	0.000251005
109	12.3684	12.366	0.000191463
110	12.4275	12.425	0.000198558
111	12.4883	12.485	0.000267921
112	12.551	12.548	0.000235966
113	12.6153	12.612	0.00025983
114	12.6813	12.678	0.000257016
115	12.7489	12.746	0.000225481
116	12.8181	12.815	0.00024159
117	12.8889	12.886	0.000225129
118	12.9613	12.958	0.000252364
119	13.0352	13.032	0.000244717
120	13.1106	13.108	0.000202088
121	13.1876	13.185	0.000200671
122	13.2662	13.263	0.000239888
123	13.3463	13.343	0.000244625
124	13.4279	13.425	0.000216519
125	13.5111	13.508	0.000231699
126	13.596	13.593	0.000217713
127	13.6824	13.679	0.000250623
128	13.7706	13.767	0.000259734
129	13.8604	13.857	0.000248803
130	13.9521	13.949	0.00022197
131	14.0456	14.042	0.000254965
132	14.141	14.138	0.000209672
133	14.2383	14.235	0.000233178
134	14.3377	14.334	0.000259601
135	14.4393	14.436	0.000225178
136	14.543	14.539	0.000274633
137	14.649	14.645	0.000275575
138	14.7575	14.754	0.000235153
139	14.8684	14.865	0.000227679
140	14.9819	14.978	0.000258408
141	15.098	15.094	0.000265939
142	15.2169	15.213	0.000256164
143	15.3386	15.335	0.000234324
144	15.4632	15.459	0.000269548
145	15.5907	15.587	0.000235348
146	15.7211	15.717	0.000262885
147	15.8546	15.85	0.000288409
148	15.991	15.987	0.000248794
149	16.1303	16.126	0.000267486
150	16.2725	16.268	0.000277306
151	16.4175	16.413	0.000272194
152	16.565	16.56	0.000304374
153	16.715	16.71	0.000301952
154	16.8673	16.861	0.000370863
155	17.0214	17.015	0.000375232
156	17.1771	17.171	0.000355877
157	17.3341	17.327	0.000406884
158	17.4918	17.485	0.000387041
159	17.6498	17.643	0.000383958
160	17.8075	17.8	0.000422978
161	17.9644	17.957	0.000414306
162	18.1199	18.113	0.000379068
163	18.2731	18.266	0.000390006
164	18.4235	18.417	0.000352389
165	18.5702	18.564	0.000334437
166	18.7125	18.707	0.000293905
167	18.8496	18.844	0.00029505
168	18.9806	18.976	0.000241719
169	19.1048	19.101	0.000197531
170	19.2213	19.218	0.000172969
171	19.3295	19.327	0.00012769
172	19.4285	19.427	7.54017e-05
173	19.5176	19.517	3.17147e-05
174	19.5963	19.597	3.63341e-05
175	19.6639	19.665	5.62987e-05
176	19.7199	19.722	0.000105097
177	19.764	19.766	0.00010295
178	19.7957	19.798	0.000117814
179	19.8148	19.818	0.000162047
180	19.8212	19.824	0.000142307
