1	0.0115283	2.42092e-322	inf
2	0.0230717	2.07508e-322	inf
3	0.0346447	5.21502e-310	6.64326e+307
4	0.0462611	4.94066e-324	inf
5	0.0579333	6.95145e-310	8.33399e+307
6	0.0696722	4.94066e-324	inf
7	0.0814865	0	0
8	0.0933826	6.9516e-310	1.34332e+308
9	0.105364	6.9516e-310	1.51568e+308
10	0.117432	nan	nan
11	0.129584	9.88131e-324	inf
12	0.141815	6.95174e-310	inf
13	0.154115	0	0
14	0.166473	4.61985e-314	inf
15	0.178873	1.01856e-312	inf
16	0.191298	6.9516e-310	inf
17	0.203727	6.9516e-310	inf
18	0.216137	0	0
19	0.228505	0	0
20	0.240805	0	0
21	0.253012	6.9516e-310	inf
22	0.265099	0	0
23	0.277042	0	0
24	0.288818	0	0
25	0.300404	9.88131e-324	inf
26	0.311781	0	0
27	0.322931	7.90505e-323	inf
28	0.333839	0	0
29	0.344494	0	0
30	0.354885	6.9516e-310	inf
31	0.365006	6.9516e-310	inf
32	0.374853	nan	nan
33	0.384422	9.88131e-324	inf
34	0.393712	6.95174e-310	inf
35	0.402723	0	0
36	0.411455	4.61985e-314	inf
37	0.419911	1.01856e-312	inf
38	0.428089	1.04706e-71	4.08851e+70
39	0.435991	6.9516e-310	inf
40	0.443614	0	0
41	0.450957	0	0
42	0.458015	0	0
43	0.464782	0	0
44	0.471251	0	0
45	0.477411	0	0
46	0.483251	0	0
47	0.488756	0	0
48	0.493911	0	0
49	0.498698	0	0
50	0.5031	0	0
51	0.507096	0	0
52	0.510667	0	0
53	0.513793	0	0
54	0.516453	0	0
55	0.518628	0	0
56	0.5203	0	0
57	0.521452	-2.62761e+92	1
58	0.522067	6.9516e-310	inf
59	0.522133	6.9516e-310	inf
60	0.521637	6.95174e-310	inf
61	0.52057	nan	nan
62	0.518924	0	0
63	0.516694	6.9516e-310	inf
64	0.513876	6.95168e-310	inf
65	0.51047	0	0
66	0.506474	6.9516e-310	inf
67	0.501892	0	0
68	0.496727	0	0
69	0.490984	0	0
70	0.48467	0	0
71	0.477794	0	0
72	0.470363	0	0
73	0.46239	0	0
74	0.453888	0	0
75	0.44487	0	0
76	0.435354	0	0
77	0.42536	0	0
78	0.414908	0	0
79	0.404025	-2.62761e+92	1
80	0.392739	6.9516e-310	inf
81	0.381081	6.9516e-310	inf
82	0.369086	6.95174e-310	inf
83	0.356793	nan	nan
84	0.344243	0	0
85	0.33148	6.9516e-310	inf
86	0.31855	6.95168e-310	inf
87	0.305501	-2.62761e+92	1
88	0.292382	6.9516e-310	inf
89	0.279241	0	0
90.001	0.266114	6.9516e-310	inf
91	0.253086	1.18576e-322	inf
92	0.240163	6.9516e-310	inf
93	0.227398	6.9516e-310	inf
94	0.214831	6.95168e-310	inf
95	0.202495	0	0
96	0.19042	6.9516e-310	inf
97	0.178632	4.45619e-313	inf
98	0.167152	2.12196e-314	inf
99	0.155998	6.9516e-310	inf
100	0.14518	1.13635e-322	inf
101	0.13471	0	0
102	0.124591	0	0
103	0.114828	0	0
104	0.105418	0	0
105	0.0963613	0	0
106	0.0876522	0	0
107	0.0792855	0	0
108	0.0712547	0	0
109	0.0635526	6.9516e-310	9.14215e+307
110	0.0561716	6.9516e-310	8.08037e+307
111	0.0491036	0	0
112	0.042341	6.9516e-310	6.09082e+307
113	0.0358758	1.18576e-322	inf
114	0.0297006	6.9516e-310	4.27249e+307
115	0.0238081	6.9516e-310	3.42483e+307
116	0.018191	0	0
117	0.0128427	4.19978e-315	inf
118	0.00775657	0	0
119	0.00292608	0	0
120	-0.00165505	0	0
121	-0.00599308	0	0
122	-0.0100943	0	0
123	-0.0139649	0	0
124	-0.0176114	0	0
125	-0.0210402	1.4822e-323	inf
126	-0.0242578	0	0
127	-0.0272709	0	0
128	-0.0300861	0	0
129	-0.0327101	0	0
130	-0.0351495	0	0
131	-0.0374107	0	0
132	-0.0395001	0	0
133	-0.0414235	0	0
134	-0.0431865	0	0
135	-0.0447942	0	0
136	-0.0462511	0	0
137	-0.0475609	0	0
138	-0.0487268	0	0
139	-0.0497512	0	0
140	-0.0506355	0	0
141	-0.0513805	6.9516e-310	7.39117e+307
142	-0.0519861	6.95168e-310	7.47821e+307
143	-0.0524516	0	0
144	-0.0527755	6.95174e-310	7.59169e+307
145	-0.0529559	0	0
146	-0.0529906	6.9516e-310	7.62279e+307
147	-0.0528774	6.9516e-310	7.6065e+307
148	-0.0526141	6.95168e-310	7.56854e+307
149	-0.0521991	9.88131e-324	inf
150	-0.0516316	9.88131e-324	inf
151	-0.0509115	6.9516e-310	7.3237e+307
152	-0.0500403	6.95168e-310	7.19831e+307
153	-0.0490212	6.9516e-310	7.05178e+307
154	-0.0478586	9.88131e-324	inf
155	-0.046559	9.88131e-324	inf
156	-0.0451308	4.94066e-324	inf
157	-0.0435838	9.88131e-324	inf
158	-0.0419294	6.9516e-310	6.03162e+307
159	-0.0401804	6.9516e-310	5.78001e+307
160	-0.0383501	6.95168e-310	5.51666e+307
161	-0.0364525	6.93838e-310	5.25374e+307
162	-0.0345017	6.91692e-323	inf
163	-0.0325113	0	0
164	-0.0304944	6.95174e-310	4.38658e+307
165	-0.0284628	6.9516e-310	4.09443e+307
166	-0.0264274	6.95168e-310	3.80159e+307
167	-0.0243974	4.94066e-324	inf
168	-0.0223804	6.9516e-310	3.21946e+307
169	-0.0203825	4.94066e-324	inf
170	-0.0184082	6.9516e-310	2.64805e+307
171	-0.0164604	6.9516e-310	2.36785e+307
172	-0.0145405	6.95168e-310	2.09165e+307
173	-0.0126487	0	0
174	-0.0107841	6.95174e-310	1.55128e+307
175	-0.00894453	0	0
176	-0.00712717	6.95168e-310	1.02524e+307
177	-0.0053284	0	0
178	-0.00354404	5.21502e-310	6.79584e+306
179	-0.00176953	6.9516e-310	2.5455e+306
180	0	6.95168e-310	1
