1   0   -32.2431   -0.00516189   -0.104492
2   0   -43.5243   -0.0256815   -0.251294
3   0   -51.2028   -0.0629467   -0.399198
4   0   -57.0633   -0.115963   -0.538533
5   0   -61.8076   -0.183143   -0.666597
6   0   -65.7933   -0.262807   -0.78309
7   0   -69.23   -0.353367   -0.888612
8   0   -72.2509   -0.453382   -0.984083
9   0   -74.9463   -0.561574   -1.07049
10   0   -77.3803   -0.676822   -1.1488
11   0   -79.5999   -0.798143   -1.21988
12   0   -81.6404   -0.924684   -1.28453
13   0   -83.5292   -1.0557   -1.34346
14   0   -85.2881   -1.19054   -1.39729
15   0   -86.9344   -1.32864   -1.44658
16   0   -88.4821   -1.46951   -1.4918
17   0   -89.9429   -1.61271   -1.53339
18   0   88.2421   -1.32652   1.57172
19   0   87.3589   -1.90462   1.60711
20   0   86.1065   -2.05271   1.63987
21   0   84.9102   -2.20186   1.67026
22   0   83.765   -2.35186   1.6985
23   0   82.6663   -2.50249   1.7248
24   0   81.6103   -2.65357   1.74935
25   0   80.5936   -2.80496   1.7723
26   0   79.6131   -2.9565   1.79381
27   0   78.6661   -3.10808   1.81401
28   0   77.7503   -3.25958   1.83301
29   0   76.8634   -3.41091   1.85091
30   0   76.0036   -3.56198   1.86783
31   0   75.1692   -3.71272   1.88384
32   0   74.3585   -3.86304   1.89901
33   0   73.57   -4.0129   1.91343
34   0   72.8026   -4.16223   1.92716
35   0   72.0551   -4.31099   1.94026
36   0   71.3262   -4.45914   1.95277
37   0   70.615   -4.60664   1.96475
38   0   69.9207   -4.75345   1.97625
39   0   69.2423   -4.89955   1.9873
40   0   68.579   -5.04491   1.99794
41   0   67.9302   -5.1895   2.0082
42   0   67.2951   -5.33332   2.01812
43   0   66.6732   -5.47633   2.02772
44   0   66.0638   -5.61852   2.03704
45   0   65.4664   -5.75989   2.04609
46   0   64.8805   -5.90041   2.0549
47   0   64.3055   -6.04009   2.06349
48   0   63.7412   -6.17891   2.07188
49   0   63.1869   -6.31687   2.08008
50   0   62.6424   -6.45396   2.08811
51   0   62.1073   -6.59018   2.09599
52   0   61.5812   -6.72552   2.10372
53   0   61.0638   -6.85999   2.11133
54   0   60.5547   -6.99358   2.11883
55   0   60.0537   -7.12629   2.12622
56   0   59.5606   -7.25813   2.13352
57   0   59.0749   -7.38908   2.14073
58   0   58.5966   -7.51917   2.14786
59   0   58.1253   -7.64838   2.15493
60   0   57.6608   -7.77672   2.16194
61   0   57.2029   -7.90419   2.16889
62   0   56.7514   -8.03081   2.1758
63   0   56.3061   -8.15656   2.18266
64   0   55.8669   -8.28146   2.18949
65   0   55.4334   -8.4055   2.19629
66   0   55.0057   -8.5287   2.20306
67   0   54.5834   -8.65106   2.20981
68   0   54.1665   -8.77258   2.21655
69   0   53.7548   -8.89328   2.22327
70   0   53.3482   -9.01314   2.22998
71   0   52.9465   -9.13219   2.23668
72   0   52.5496   -9.25043   2.24338
73   0   52.1573   -9.36785   2.25009
74   0   51.7696   -9.48447   2.25679
75   0   51.3864   -9.6003   2.2635
76   0   51.0074   -9.71534   2.27021
77   0   50.6327   -9.82959   2.27693
78   0   50.2621   -9.94307   2.28367
79   0   49.8955   -10.0558   2.29042
80   0   49.5328   -10.1677   2.29718
81   0   49.174   -10.2789   2.30395
82   0   48.8189   -10.3893   2.31075
83   0   48.4674   -10.499   2.31756
84   0   48.1195   -10.6079   2.32439
85   0   47.7751   -10.7161   2.33124
86   0   47.4342   -10.8236   2.33812
87   0   47.0965   -10.9304   2.34501
88   0   46.7621   -11.0364   2.35193
89   0   46.431   -11.1418   2.35888
90   0   46.1029   -11.2464   2.36585
91   0   45.778   -11.3503   2.37284
92   0   45.456   -11.4536   2.37986
93   0   45.137   -11.5561   2.38691
94   0   44.8209   -11.658   2.39398
95   0   44.5076   -11.7592   2.40108
96   0   44.197   -11.8598   2.40821
97   0   43.8892   -11.9596   2.41536
98   0   43.5841   -12.0589   2.42254
99   0   43.2815   -12.1575   2.42975
100   0   42.9816   -12.2554   2.43699
101   0   42.6841   -12.3527   2.44426
102   0   42.3891   -12.4494   2.45156
103   0   42.0966   -12.5454   2.45888
104   0   41.8064   -12.6409   2.46623
105   0   41.5186   -12.7357   2.47361
106   0   41.2331   -12.8299   2.48102
107   0   40.9498   -12.9235   2.48846
108   0   40.6688   -13.0165   2.49593
109   0   40.3899   -13.109   2.50342
110   0   40.1132   -13.2008   2.51095
111   0   39.8386   -13.292   2.5185
112   0   39.566   -13.3827   2.52607
113   0   39.2955   -13.4728   2.53368
114   0   39.027   -13.5624   2.54131
115   0   38.7605   -13.6514   2.54897
116   0   38.4959   -13.7398   2.55666
117   0   38.2333   -13.8277   2.56438
118   0   37.9725   -13.9151   2.57212
119   0   37.7135   -14.0019   2.57988
120   0   37.4564   -14.0881   2.58768
121   0   37.2011   -14.1739   2.59549
122   0   36.9475   -14.2591   2.60334
123   0   36.6957   -14.3438   2.61121
124   0   36.4456   -14.428   2.6191
125   0   36.1972   -14.5117   2.62702
126   0   35.9504   -14.5948   2.63496
127   0   35.7053   -14.6775   2.64293
128   0   35.4618   -14.7597   2.65092
129   0   35.2198   -14.8414   2.65893
130   0   34.9795   -14.9226   2.66697
131   0   34.7407   -15.0033   2.67502
132   0   34.5034   -15.0835   2.6831
133   0   34.2676   -15.1633   2.69121
134   0   34.0333   -15.2426   2.69933
135   0   33.8005   -15.3214   2.70748
136   0   33.5691   -15.3998   2.71564
137   0   33.3391   -15.4777   2.72383
138   0   33.1105   -15.5551   2.73203
139   0   32.8833   -15.6321   2.74026
140   0   32.6575   -15.7087   2.74851
141   0   32.433   -15.7848   2.75677
142   0   32.2098   -15.8605   2.76505
143   0   31.988   -15.9358   2.77336
144   0   31.7674   -16.0106   2.78168
145   0   31.5482   -16.085   2.79001
146   0   31.3301   -16.159   2.79837
147   0   31.1134   -16.2325   2.80674
148   0   30.8978   -16.3057   2.81512
149   0   30.6835   -16.3784   2.82353
150   0   30.4704   -16.4508   2.83195
151   0   30.2584   -16.5227   2.84038
152   0   30.0476   -16.5942   2.84883
153   0   29.838   -16.6654   2.8573
154   0   29.6295   -16.7361   2.86577
155   0   29.4222   -16.8065   2.87427
156   0   29.216   -16.8765   2.88277
157   0   29.0108   -16.946   2.89129
158   0   28.8068   -17.0153   2.89982
159   0   28.6038   -17.0841   2.90837
160   0   28.4019   -17.1526   2.91693
161   0   28.201   -17.2207   2.92549
162   0   28.0012   -17.2884   2.93407
163   0   27.8024   -17.3558   2.94267
164   0   27.6046   -17.4228   2.95127
165   0   27.4078   -17.4895   2.95988
166   0   27.212   -17.5558   2.9685
167   0   27.0172   -17.6217   2.97713
168   0   26.8234   -17.6873   2.98577
169   0   26.6305   -17.7526   2.99443
170   0   26.4385   -17.8175   3.00308
171   0   26.2475   -17.8821   3.01175
172   0   26.0575   -17.9464   3.02043
173   0   25.8683   -18.0103   3.02911
174   0   25.6801   -18.0739   3.0378
175   0   25.4927   -18.1372   3.0465
176   0   25.3062   -18.2002   3.0552
177   0   25.1207   -18.2628   3.06391
178   0   24.9359   -18.3251   3.07263
179   0   24.7521   -18.3871   3.08135
180   0   24.5691   -18.4488   3.09008
181   0   24.3869   -18.5102   3.09881
182   0   24.2056   -18.5713   3.10755
183   0   24.0251   -18.632   3.11629
184   0   23.8454   -18.6925   3.12504
185   0   23.6666   -18.7527   3.13379
186   0   23.4885   -18.8126   3.14254
187   0   23.3112   -18.8722   3.1513
188   0   23.1347   -18.9315   3.16006
189   0   22.959   -18.9905   3.16882
190   0   22.784   -19.0492   3.17758
191   0   22.6098   -19.1076   3.18635
192   0   22.4364   -19.1658   3.19512
193   0   22.2637   -19.2237   3.20389
194   0   22.0918   -19.2813   3.21266
195   0   21.9206   -19.3386   3.22143
196   0   21.7501   -19.3957   3.23021
197   0   21.5803   -19.4525   3.23898
198   0   21.4112   -19.509   3.24776
199   0   21.2429   -19.5652   3.25653
200   0   21.0752   -19.6212   3.2653
201   0   20.9083   -19.677   3.27407
202   0   20.742   -19.7325   3.28285
203   0   20.5764   -19.7877   3.29162
204   0   20.4115   -19.8427   3.30038
205   0   20.2472   -19.8974   3.30915
206   0   20.0836   -19.9519   3.31792
207   0   19.9207   -20.0061   3.32668
208   0   19.7584   -20.0601   3.33544
209   0   19.5967   -20.1138   3.3442
210   0   19.4357   -20.1673   3.35295
211   0   19.2753   -20.2206   3.3617
212   0   19.1156   -20.2736   3.37045
213   0   18.9564   -20.3264   3.37919
214   0   18.7979   -20.379   3.38793
215   0   18.64   -20.4313   3.39667
216   0   18.4827   -20.4834   3.4054
217   0   18.3259   -20.5353   3.41413
218   0   18.1698   -20.5869   3.42285
219   0   18.0143   -20.6383   3.43156
220   0   17.8594   -20.6895   3.44028
221   0   17.705   -20.7405   3.44898
222   0   17.5512   -20.7913   3.45768
223   0   17.398   -20.8419   3.46637
224   0   17.2453   -20.8922   3.47506
225   0   17.0932   -20.9423   3.48374
226   0   16.9416   -20.9922   3.49242
227   0   16.7906   -21.042   3.50108
228   0   16.6402   -21.0915   3.50974
229   0   16.4903   -21.1408   3.5184
230   0   16.3409   -21.1899   3.52704
231   0   16.1921   -21.2387   3.53568
232   0   16.0437   -21.2874   3.54431
233   0   15.896   -21.3359   3.55293
234   0   15.7487   -21.3842   3.56154
235   0   15.6019   -21.4323   3.57015
236   0   15.4557   -21.4803   3.57875
237   0   15.3099   -21.528   3.58733
238   0   15.1647   -21.5755   3.59591
239   0   15.0199   -21.6229   3.60448
240   0   14.8757   -21.67   3.61304
241   0   14.7319   -21.717   3.62159
242   0   14.5887   -21.7638   3.63013
243   0   14.4459   -21.8104   3.63866
244   0   14.3036   -21.8568   3.64718
245   0   14.1618   -21.9031   3.65569
246   0   14.0204   -21.9491   3.66419
247   0   13.8795   -21.995   3.67268
248   0   13.7391   -22.0408   3.68115
249   0   13.5991   -22.0863   3.68962
250   0   13.4596   -22.1317   3.69808
251   0   13.3206   -22.1769   3.70652
252   0   13.182   -22.2219   3.71495
253   0   13.0438   -22.2668   3.72337
254   0   12.9061   -22.3115   3.73178
255   0   12.7689   -22.356   3.74018
256   0   12.632   -22.4004   3.74856
257   0   12.4956   -22.4446   3.75694
258   0   12.3597   -22.4887   3.7653
259   0   12.2241   -22.5326   3.77364
260   0   12.089   -22.5763   3.78198
261   0   11.9543   -22.6199   3.7903
262   0   11.8201   -22.6633   3.79861
263   0   11.6862   -22.7066   3.8069
264   0   11.5528   -22.7497   3.81519
265   0   11.4198   -22.7927   3.82346
266   0   11.2871   -22.8355   3.83171
267   0   11.1549   -22.8781   3.83995
268   0   11.0231   -22.9207   3.84818
269   0   10.8917   -22.963   3.85639
270   0   10.7607   -23.0053   3.86459
271   0   10.63   -23.0474   3.87278
272   0   10.4998   -23.0893   3.88095
273   0   10.3699   -23.1311   3.8891
274   0   10.2405   -23.1728   3.89725
275   0   10.1114   -23.2143   3.90537
276   0   9.98269   -23.2557   3.91348
277   0   9.85436   -23.2969   3.92158
278   0   9.7264   -23.338   3.92966
279   0   9.59882   -23.379   3.93773
280   0   9.47161   -23.4198   3.94578
281   0   9.34476   -23.4605   3.95382
282   0   9.21828   -23.5011   3.96184
283   0   9.09216   -23.5415   3.96984
284   0   8.96639   -23.5819   3.97783
285   0   8.84099   -23.622   3.9858
286   0   8.71594   -23.6621   3.99376
287   0   8.59124   -23.702   4.0017
288   0   8.46689   -23.7418   4.00962
289   0   8.34289   -23.7815   4.01753
290   0   8.21924   -23.8211   4.02542
291   0   8.09593   -23.8605   4.03329
292   0   7.97296   -23.8999   4.04115
293   0   7.85032   -23.939   4.04899
294   0   7.72803   -23.9781   4.05682
295   0   7.60607   -24.0171   4.06462
296   0   7.48444   -24.0559   4.07241
297   0   7.36314   -24.0947   4.08019
298   0   7.24216   -24.1333   4.08794
299   0   7.12152   -24.1718   4.09568
300   0   7.0012   -24.2102   4.1034
