1	0.285043	0.28526	0.000761547
2	0.284649	0.28664	0.00694468
3	0.283996	0.28628	0.00797927
4	0.283085	0.28544	0.00825167
5	0.28192	0.28426	0.00823079
6	0.280508	0.2828	0.0081048
7	0.278854	0.28108	0.00791954
8	0.276966	0.27911	0.007682
9	0.274852	0.2769	0.00739509
10	0.272523	0.27447	0.00709386
11	0.269989	0.27183	0.00677413
12	0.267261	0.26899	0.00642779
13	0.264353	0.26598	0.00611747
14	0.261278	0.2628	0.00579188
15	0.258051	0.25947	0.00547068
16	0.254686	0.25601	0.00517162
17	0.2512	0.25244	0.00491083
18	0.24761	0.24877	0.00466312
19	0.243932	0.24502	0.00444048
20	0.240184	0.24121	0.0042541
21	0.236383	0.23736	0.00411476
22	0.232548	0.23348	0.00399068
23	0.228697	0.2296	0.00393445
24	0.224846	0.22573	0.00391437
25	0.221015	0.22189	0.00394218
26	0.217221	0.21809	0.00398612
27	0.21348	0.21435	0.0040605
28	0.209809	0.21069	0.00418305
29	0.206224	0.20711	0.00427942
30	0.20274	0.20364	0.00442027
31	0.199372	0.20029	0.00458556
32	0.196132	0.19707	0.00475819
33	0.193035	0.19398	0.00487338
34	0.19009	0.19105	0.00502377
35	0.187309	0.18828	0.00515465
36	0.184702	0.18567	0.00521379
37	0.182276	0.18324	0.0052608
38	0.180039	0.181	0.00530979
39	0.177997	0.17894	0.00527053
40	0.176155	0.17708	0.00522368
41	0.174517	0.17541	0.00508956
42	0.173087	0.17395	0.00496346
43	0.171865	0.17268	0.00471949
44	0.170854	0.17163	0.00452426
45	0.170052	0.17078	0.00426264
46	0.16946	0.17013	0.00393963
47	0.169075	0.16969	0.00362443
48	0.168895	0.16946	0.00333302
49	0.168917	0.16942	0.00296797
50	0.169137	0.16959	0.0026712
51	0.16955	0.16996	0.00241168
52	0.170151	0.17051	0.00210313
53	0.170935	0.17126	0.00189658
54	0.171895	0.17219	0.00171107
55	0.173025	0.17329	0.00152709
56	0.174318	0.17457	0.00144212
57	0.175767	0.17601	0.00138217
58	0.177363	0.17762	0.00144571
59	0.1791	0.17937	0.00150601
60	0.180969	0.18127	0.00166267
61	0.182961	0.1833	0.00184858
62	0.185069	0.18546	0.00210798
63	0.187284	0.18774	0.00243052
64	0.189596	0.19012	0.00275438
65	0.191998	0.19261	0.00317676
66	0.19448	0.19518	0.00358594
67	0.197033	0.19784	0.00407804
68	0.199648	0.20056	0.00454574
69	0.202316	0.20334	0.0050349
70	0.205028	0.20617	0.00554099
71	0.207773	0.20904	0.00606012
72	0.210544	0.21193	0.00654209
73	0.213329	0.21484	0.00703231
74	0.216121	0.21776	0.00752843
75	0.218908	0.22067	0.00798357
76	0.221683	0.22356	0.00839797
77	0.224434	0.22643	0.00881584
78	0.227152	0.22926	0.00919283
79	0.229829	0.23204	0.00952957
80	0.232453	0.23476	0.00982661
81	0.235016	0.23741	0.0100844
82	0.237507	0.23999	0.0103443
83	0.239918	0.24247	0.0105232
84	0.242239	0.24487	0.0107429
85	0.244461	0.24715	0.01088
86	0.246574	0.24932	0.0110129
87	0.24857	0.25137	0.0111382
88	0.25044	0.25328	0.0112122
89	0.252176	0.25506	0.0113081
90.001	0.25377	0.25669	0.0113742
91	0.255212	0.25817	0.0114589
92	0.256497	0.25949	0.0115351
93	0.257617	0.26065	0.0116357
94	0.258566	0.26164	0.0117481
95	0.259338	0.26244	0.0118205
96	0.259926	0.26307	0.0119503
97	0.260326	0.26352	0.0121194
98	0.260533	0.26377	0.0122712
99	0.260543	0.26383	0.0124592
100	0.260352	0.26369	0.0126606
101	0.259956	0.26336	0.0129253
102	0.259354	0.26282	0.0131894
103	0.258542	0.26208	0.0134996
104	0.25752	0.26113	0.0138258
105	0.256285	0.25997	0.0141739
106	0.254838	0.25861	0.0145866
107	0.253177	0.25703	0.014991
108	0.251302	0.25524	0.0154269
109	0.249215	0.25323	0.0158564
110	0.246914	0.25101	0.0163173
111	0.244402	0.24858	0.0168087
112	0.241678	0.24593	0.0172887
113	0.238745	0.24307	0.0177938
114	0.235603	0.23999	0.0182799
115	0.232254	0.2367	0.018783
116	0.228699	0.23319	0.0192569
117	0.224941	0.22947	0.0197378
118	0.220979	0.22553	0.0201772
119	0.216817	0.22138	0.0206116
120	0.212455	0.21702	0.0210353
121	0.207895	0.21245	0.0214421
122	0.203137	0.20767	0.0218257
123	0.198185	0.20267	0.0221305
124	0.193038	0.19748	0.0224935
125	0.187698	0.19207	0.0227608
126	0.182167	0.18647	0.023075
127	0.176446	0.18066	0.0233252
128	0.170537	0.17466	0.0236087
129	0.16444	0.16846	0.0238612
130	0.15816	0.16207	0.0241275
131	0.151697	0.1555	0.0244575
132	0.145055	0.14874	0.0247757
133	0.138237	0.14181	0.0251952
134	0.131248	0.13471	0.025703
135	0.124091	0.12744	0.0262783
136	0.116773	0.12002	0.027051
137	0.109301	0.11245	0.0280049
138	0.101681	0.10474	0.0292035
139	0.0939232	0.0969	0.0307207
140	0.0860365	0.08894	0.0326452
141	0.0780325	0.08088	0.035207
142	0.0699233	0.07272	0.0384585
143	0.0617227	0.06448	0.0427614
144	0.0534458	0.05617	0.0484998
145	0.0451086	0.04781	0.0565034
146	0.0367286	0.03942	0.0682748
147	0.0283244	0.03101	0.0866037
148	0.0199156	0.0226	0.118779
149	0.0115226	0.01421	0.189122
150	0.00316658	0.00586	0.459627
151	-0.00513065	-0.00244	1.10273
152	-0.013347	-0.01066	0.252066
153	-0.0214603	-0.01878	0.142719
154	-0.0294482	-0.02679	0.0992223
155	-0.0372888	-0.03465	0.0761566
156	-0.0449608	-0.04237	0.0611472
157	-0.0524434	-0.0499	0.0509695
158	-0.0597167	-0.05724	0.0432685
159	-0.0667619	-0.06437	0.0371593
160	-0.0735616	-0.07127	0.0321533
161	-0.0800993	-0.07792	0.0279682
162	-0.0863602	-0.0843	0.0244394
163	-0.092331	-0.09041	0.0212482
164	-0.0979998	-0.09623	0.0183917
165	-0.103356	-0.10174	0.0158854
166	-0.108391	-0.10694	0.0135699
167	-0.113097	-0.11182	0.0114223
168	-0.117468	-0.11636	0.00952385
169	-0.121499	-0.12056	0.00778863
170	-0.125186	-0.12441	0.00623524
171	-0.128525	-0.12791	0.00481135
172	-0.131516	-0.13105	0.00355543
173	-0.134156	-0.13383	0.00243463
174	-0.136444	-0.13624	0.00149867
175	-0.138381	-0.13828	0.000726842
176	-0.139965	-0.13995	0.0001045
177	-0.141197	-0.14123	0.000236982
178	-0.142076	-0.14211	0.000236948
179	-0.142604	-0.14234	0.00185569
180	-0.14278	0	0
