   th_cm th3_lab th4_lab       theory     +- error    reference     +- error         DChi
    1.00    0.50   89.50 -0.20818E-02   0.0000       0.0000       0.0000       0.0000
    2.00    0.99   88.99 -0.41632E-02   0.0000       0.0000       0.0000       0.0000
    3.00    1.49   88.49 -0.62436E-02   0.0000       0.0000       0.0000       0.0000
    4.00    1.98   87.99 -0.83228E-02   0.0000       0.0000       0.0000       0.0000
    5.00    2.48   87.48 -0.10400E-01   0.0000       0.0000       0.0000       0.0000
    6.00    2.98   86.98 -0.12475E-01   0.0000       0.0000       0.0000       0.0000
    7.00    3.47   86.47 -0.14548E-01   0.0000       0.0000       0.0000       0.0000
    8.00    3.97   85.97 -0.16617E-01   0.0000       0.0000       0.0000       0.0000
    9.00    4.46   85.47 -0.18682E-01   0.0000       0.0000       0.0000       0.0000
   10.00    4.96   84.96 -0.20743E-01   0.0000       0.0000       0.0000       0.0000
   11.00    5.46   84.46 -0.22800E-01   0.0000       0.0000       0.0000       0.0000
   12.00    5.95   83.96 -0.24851E-01   0.0000       0.0000       0.0000       0.0000
   13.00    6.45   83.45 -0.26896E-01   0.0000       0.0000       0.0000       0.0000
   14.00    6.95   82.95 -0.28936E-01   0.0000       0.0000       0.0000       0.0000
   15.00    7.44   82.45 -0.30968E-01   0.0000       0.0000       0.0000       0.0000
   16.00    7.94   81.94 -0.32992E-01   0.0000       0.0000       0.0000       0.0000
   17.00    8.43   81.44 -0.35009E-01   0.0000       0.0000       0.0000       0.0000
   18.00    8.93   80.94 -0.37017E-01   0.0000       0.0000       0.0000       0.0000
   19.00    9.43   80.43 -0.39015E-01   0.0000       0.0000       0.0000       0.0000
   20.00    9.92   79.93 -0.41004E-01   0.0000       0.0000       0.0000       0.0000
   21.00   10.42   79.43 -0.42982E-01   0.0000       0.0000       0.0000       0.0000
   22.00   10.92   78.92 -0.44949E-01   0.0000       0.0000       0.0000       0.0000
   23.00   11.41   78.42 -0.46904E-01   0.0000       0.0000       0.0000       0.0000
   24.00   11.91   77.92 -0.48846E-01   0.0000       0.0000       0.0000       0.0000
   25.00   12.40   77.41 -0.50776E-01   0.0000       0.0000       0.0000       0.0000
   26.00   12.90   76.91 -0.52691E-01   0.0000       0.0000       0.0000       0.0000
   27.00   13.40   76.41 -0.54593E-01   0.0000       0.0000       0.0000       0.0000
   28.00   13.89   75.90 -0.56479E-01   0.0000       0.0000       0.0000       0.0000
   29.00   14.39   75.40 -0.58350E-01   0.0000       0.0000       0.0000       0.0000
   30.00   14.89   74.90 -0.60204E-01   0.0000       0.0000       0.0000       0.0000
   31.00   15.38   74.39 -0.62042E-01   0.0000       0.0000       0.0000       0.0000
   32.00   15.88   73.89 -0.63861E-01   0.0000       0.0000       0.0000       0.0000
   33.00   16.38   73.39 -0.65663E-01   0.0000       0.0000       0.0000       0.0000
   34.00   16.87   72.88 -0.67446E-01   0.0000       0.0000       0.0000       0.0000
   35.00   17.37   72.38 -0.69210E-01   0.0000       0.0000       0.0000       0.0000
   36.00   17.87   71.88 -0.70954E-01   0.0000       0.0000       0.0000       0.0000
   37.00   18.36   71.38 -0.72677E-01   0.0000       0.0000       0.0000       0.0000
   38.00   18.86   70.87 -0.74380E-01   0.0000       0.0000       0.0000       0.0000
   39.00   19.36   70.37 -0.76060E-01   0.0000       0.0000       0.0000       0.0000
   40.00   19.85   69.87 -0.77719E-01   0.0000       0.0000       0.0000       0.0000
   41.00   20.35   69.37 -0.79354E-01   0.0000       0.0000       0.0000       0.0000
   42.00   20.85   68.86 -0.80966E-01   0.0000       0.0000       0.0000       0.0000
   43.00   21.35   68.36 -0.82555E-01   0.0000       0.0000       0.0000       0.0000
   44.00   21.84   67.86 -0.84119E-01   0.0000       0.0000       0.0000       0.0000
   45.00   22.34   67.36 -0.85657E-01   0.0000       0.0000       0.0000       0.0000
   46.00   22.84   66.85 -0.87171E-01   0.0000       0.0000       0.0000       0.0000
   47.00   23.33   66.35 -0.88658E-01   0.0000       0.0000       0.0000       0.0000
   48.00   23.83   65.85 -0.90119E-01   0.0000       0.0000       0.0000       0.0000
   49.00   24.33   65.35 -0.91553E-01   0.0000       0.0000       0.0000       0.0000
   50.00   24.83   64.84 -0.92959E-01   0.0000       0.0000       0.0000       0.0000
   51.00   25.32   64.34 -0.94337E-01   0.0000       0.0000       0.0000       0.0000
   52.00   25.82   63.84 -0.95687E-01   0.0000       0.0000       0.0000       0.0000
   53.00   26.32   63.34 -0.97007E-01   0.0000       0.0000       0.0000       0.0000
   54.00   26.82   62.84 -0.98298E-01   0.0000       0.0000       0.0000       0.0000
   55.00   27.31   62.33 -0.99559E-01   0.0000       0.0000       0.0000       0.0000
   56.00   27.81   61.83 -0.10079       0.0000       0.0000       0.0000       0.0000
   57.00   28.31   61.33 -0.10199       0.0000       0.0000       0.0000       0.0000
   58.00   28.81   60.83 -0.10316       0.0000       0.0000       0.0000       0.0000
   59.00   29.31   60.33 -0.10429       0.0000       0.0000       0.0000       0.0000
   60.00   29.80   59.83 -0.10540       0.0000       0.0000       0.0000       0.0000
   61.00   30.30   59.32 -0.10647       0.0000       0.0000       0.0000       0.0000
   62.00   30.80   58.82 -0.10751       0.0000       0.0000       0.0000       0.0000
   63.00   31.30   58.32 -0.10851       0.0000       0.0000       0.0000       0.0000
   64.00   31.80   57.82 -0.10948       0.0000       0.0000       0.0000       0.0000
   65.00   32.29   57.32 -0.11042       0.0000       0.0000       0.0000       0.0000
   66.00   32.79   56.82 -0.11132       0.0000       0.0000       0.0000       0.0000
   67.00   33.29   56.32 -0.11219       0.0000       0.0000       0.0000       0.0000
   68.00   33.79   55.82 -0.11302       0.0000       0.0000       0.0000       0.0000
   69.00   34.29   55.32 -0.11382       0.0000       0.0000       0.0000       0.0000
   70.00   34.79   54.81 -0.11458       0.0000       0.0000       0.0000       0.0000
   71.00   35.29   54.31 -0.11530       0.0000       0.0000       0.0000       0.0000
   72.00   35.78   53.81 -0.11599       0.0000       0.0000       0.0000       0.0000
   73.00   36.28   53.31 -0.11664       0.0000       0.0000       0.0000       0.0000
   74.00   36.78   52.81 -0.11726       0.0000       0.0000       0.0000       0.0000
   75.00   37.28   52.31 -0.11784       0.0000       0.0000       0.0000       0.0000
   76.00   37.78   51.81 -0.11838       0.0000       0.0000       0.0000       0.0000
   77.00   38.28   51.31 -0.11888       0.0000       0.0000       0.0000       0.0000
   78.00   38.78   50.81 -0.11934       0.0000       0.0000       0.0000       0.0000
   79.00   39.28   50.31 -0.11977       0.0000       0.0000       0.0000       0.0000
   80.00   39.78   49.81 -0.12016       0.0000       0.0000       0.0000       0.0000
   81.00   40.28   49.31 -0.12051       0.0000       0.0000       0.0000       0.0000
   82.00   40.77   48.81 -0.12082       0.0000       0.0000       0.0000       0.0000
   83.00   41.27   48.31 -0.12110       0.0000       0.0000       0.0000       0.0000
   84.00   41.77   47.81 -0.12134       0.0000       0.0000       0.0000       0.0000
   85.00   42.27   47.31 -0.12154       0.0000       0.0000       0.0000       0.0000
   86.00   42.77   46.81 -0.12170       0.0000       0.0000       0.0000       0.0000
   87.00   43.27   46.31 -0.12182       0.0000       0.0000       0.0000       0.0000
   88.00   43.77   45.81 -0.12191       0.0000       0.0000       0.0000       0.0000
   89.00   44.27   45.31 -0.12195       0.0000       0.0000       0.0000       0.0000
   90.00   44.77   44.81 -0.12196       0.0000       0.0000       0.0000       0.0000
   91.00   45.27   44.31 -0.12194       0.0000       0.0000       0.0000       0.0000
   92.00   45.77   43.81 -0.12187       0.0000       0.0000       0.0000       0.0000
   93.00   46.27   43.32 -0.12177       0.0000       0.0000       0.0000       0.0000
   94.00   46.77   42.82 -0.12163       0.0000       0.0000       0.0000       0.0000
   95.00   47.27   42.32 -0.12145       0.0000       0.0000       0.0000       0.0000
   96.00   47.77   41.82 -0.12123       0.0000       0.0000       0.0000       0.0000
   97.00   48.27   41.32 -0.12098       0.0000       0.0000       0.0000       0.0000
   98.00   48.77   40.82 -0.12069       0.0000       0.0000       0.0000       0.0000
   99.00   49.28   40.32 -0.12037       0.0000       0.0000       0.0000       0.0000
  100.00   49.78   39.82 -0.12001       0.0000       0.0000       0.0000       0.0000
  101.00   50.28   39.33 -0.11961       0.0000       0.0000       0.0000       0.0000
  102.00   50.78   38.83 -0.11918       0.0000       0.0000       0.0000       0.0000
  103.00   51.28   38.33 -0.11871       0.0000       0.0000       0.0000       0.0000
  104.00   51.78   37.83 -0.11820       0.0000       0.0000       0.0000       0.0000
  105.00   52.28   37.33 -0.11767       0.0000       0.0000       0.0000       0.0000
  106.00   52.78   36.83 -0.11709       0.0000       0.0000       0.0000       0.0000
  107.00   53.28   36.34 -0.11648       0.0000       0.0000       0.0000       0.0000
  108.00   53.78   35.84 -0.11584       0.0000       0.0000       0.0000       0.0000
  109.00   54.28   35.34 -0.11516       0.0000       0.0000       0.0000       0.0000
  110.00   54.79   34.84 -0.11445       0.0000       0.0000       0.0000       0.0000
  111.00   55.29   34.35 -0.11370       0.0000       0.0000       0.0000       0.0000
  112.00   55.79   33.85 -0.11292       0.0000       0.0000       0.0000       0.0000
  113.00   56.29   33.35 -0.11211       0.0000       0.0000       0.0000       0.0000
  114.00   56.79   32.85 -0.11127       0.0000       0.0000       0.0000       0.0000
  115.00   57.29   32.36 -0.11039       0.0000       0.0000       0.0000       0.0000
  116.00   57.79   31.86 -0.10948       0.0000       0.0000       0.0000       0.0000
  117.00   58.30   31.36 -0.10853       0.0000       0.0000       0.0000       0.0000
  118.00   58.80   30.87 -0.10755       0.0000       0.0000       0.0000       0.0000
  119.00   59.30   30.37 -0.10655       0.0000       0.0000       0.0000       0.0000
  120.00   59.80   29.87 -0.10550       0.0000       0.0000       0.0000       0.0000
  121.00   60.30   29.38 -0.10443       0.0000       0.0000       0.0000       0.0000
  122.00   60.81   28.88 -0.10333       0.0000       0.0000       0.0000       0.0000
  123.00   61.31   28.38 -0.10219       0.0000       0.0000       0.0000       0.0000
  124.00   61.81   27.89 -0.10102       0.0000       0.0000       0.0000       0.0000
  125.00   62.31   27.39 -0.99824E-01   0.0000       0.0000       0.0000       0.0000
  126.00   62.81   26.89 -0.98595E-01   0.0000       0.0000       0.0000       0.0000
  127.00   63.32   26.40 -0.97334E-01   0.0000       0.0000       0.0000       0.0000
  128.00   63.82   25.90 -0.96043E-01   0.0000       0.0000       0.0000       0.0000
  129.00   64.32   25.41 -0.94721E-01   0.0000       0.0000       0.0000       0.0000
  130.00   64.82   24.91 -0.93369E-01   0.0000       0.0000       0.0000       0.0000
  131.00   65.33   24.42 -0.91987E-01   0.0000       0.0000       0.0000       0.0000
  132.00   65.83   23.92 -0.90575E-01   0.0000       0.0000       0.0000       0.0000
  133.00   66.33   23.42 -0.89134E-01   0.0000       0.0000       0.0000       0.0000
  134.00   66.83   22.93 -0.87663E-01   0.0000       0.0000       0.0000       0.0000
  135.00   67.34   22.43 -0.86164E-01   0.0000       0.0000       0.0000       0.0000
  136.00   67.84   21.94 -0.84636E-01   0.0000       0.0000       0.0000       0.0000
  137.00   68.34   21.45 -0.83080E-01   0.0000       0.0000       0.0000       0.0000
  138.00   68.85   20.95 -0.81496E-01   0.0000       0.0000       0.0000       0.0000
  139.00   69.35   20.46 -0.79884E-01   0.0000       0.0000       0.0000       0.0000
  140.00   69.85   19.96 -0.78246E-01   0.0000       0.0000       0.0000       0.0000
  141.00   70.35   19.47 -0.76581E-01   0.0000       0.0000       0.0000       0.0000
  142.00   70.86   18.97 -0.74891E-01   0.0000       0.0000       0.0000       0.0000
  143.00   71.36   18.48 -0.73175E-01   0.0000       0.0000       0.0000       0.0000
  144.00   71.86   17.99 -0.71435E-01   0.0000       0.0000       0.0000       0.0000
  145.00   72.37   17.49 -0.69672E-01   0.0000       0.0000       0.0000       0.0000
  146.00   72.87   17.00 -0.67885E-01   0.0000       0.0000       0.0000       0.0000
  147.00   73.37   16.51 -0.66076E-01   0.0000       0.0000       0.0000       0.0000
  148.00   73.88   16.02 -0.64246E-01   0.0000       0.0000       0.0000       0.0000
  149.00   74.38   15.52 -0.62395E-01   0.0000       0.0000       0.0000       0.0000
  150.00   74.88   15.03 -0.60524E-01   0.0000       0.0000       0.0000       0.0000
  151.00   75.39   14.54 -0.58635E-01   0.0000       0.0000       0.0000       0.0000
  152.00   75.89   14.05 -0.56729E-01   0.0000       0.0000       0.0000       0.0000
  153.00   76.39   13.56 -0.54806E-01   0.0000       0.0000       0.0000       0.0000
  154.00   76.90   13.07 -0.52867E-01   0.0000       0.0000       0.0000       0.0000
  155.00   77.40   12.58 -0.50914E-01   0.0000       0.0000       0.0000       0.0000
  156.00   77.90   12.09 -0.48947E-01   0.0000       0.0000       0.0000       0.0000
  157.00   78.41   11.60 -0.46968E-01   0.0000       0.0000       0.0000       0.0000
  158.00   78.91   11.11 -0.44978E-01   0.0000       0.0000       0.0000       0.0000
  159.00   79.41   10.63 -0.42978E-01   0.0000       0.0000       0.0000       0.0000
  160.00   79.92   10.14 -0.40968E-01   0.0000       0.0000       0.0000       0.0000
  161.00   80.42    9.66 -0.38951E-01   0.0000       0.0000       0.0000       0.0000
  162.00   80.92    9.17 -0.36926E-01   0.0000       0.0000       0.0000       0.0000
  163.00   81.43    8.69 -0.34895E-01   0.0000       0.0000       0.0000       0.0000
  164.00   81.93    8.21 -0.32858E-01   0.0000       0.0000       0.0000       0.0000
  165.00   82.43    7.73 -0.30817E-01   0.0000       0.0000       0.0000       0.0000
  166.00   82.93    7.26 -0.28772E-01   0.0000       0.0000       0.0000       0.0000
  167.00   83.44    6.78 -0.26724E-01   0.0000       0.0000       0.0000       0.0000
  168.00   83.94    6.31 -0.24673E-01   0.0000       0.0000       0.0000       0.0000
  169.00   84.44    5.85 -0.22620E-01   0.0000       0.0000       0.0000       0.0000
  170.00   84.94    5.39 -0.20566E-01   0.0000       0.0000       0.0000       0.0000
  171.00   85.43    4.94 -0.18511E-01   0.0000       0.0000       0.0000       0.0000
  172.00   85.93    4.49 -0.16455E-01   0.0000       0.0000       0.0000       0.0000
  173.00   86.42    4.06 -0.14398E-01   0.0000       0.0000       0.0000       0.0000
  174.00   86.90    3.65 -0.12341E-01   0.0000       0.0000       0.0000       0.0000
  175.00   87.38    3.26 -0.10284E-01   0.0000       0.0000       0.0000       0.0000
  176.00   87.83    2.90 -0.82274E-02   0.0000       0.0000       0.0000       0.0000
  177.00   88.24    2.58 -0.61705E-02   0.0000       0.0000       0.0000       0.0000
  178.00   88.59    2.33 -0.41136E-02   0.0000       0.0000       0.0000       0.0000
  179.00   88.82    2.17 -0.20568E-02   0.0000       0.0000       0.0000       0.0000
  180.00   88.91    2.11   0.0000       0.0000       0.0000       0.0000       0.0000