   th_cm th3_lab th4_lab       theory     +- error    reference     +- error         DChi
    1.00    0.50   89.50  -0.0019919547 0.0000       0.0000       0.0000       0.0000
    2.00    0.99   88.99  -0.0039834705 0.0000       0.0000       0.0000       0.0000
    3.00    1.49   88.49  -0.005974107  0.0000       0.0000       0.0000       0.0000
    4.00    1.98   87.99  -0.0079634201 0.0000       0.0000       0.0000       0.0000
    5.00    2.48   87.48 -0.0099509613  0.0000       0.0000       0.0000       0.0000
    6.00    2.98   86.98 -0.011936275   0.0000       0.0000       0.0000       0.0000
    7.00    3.47   86.47 -0.013918899   0.0000       0.0000       0.0000       0.0000
    8.00    3.97   85.97 -0.015898361   0.0000       0.0000       0.0000       0.0000
    9.00    4.46   85.47 -0.017874181   0.0000       0.0000       0.0000       0.0000
   10.00    4.96   84.96 -0.019845865   0.0000       0.0000       0.0000       0.0000
   11.00    5.46   84.46 -0.021812911   0.0000       0.0000       0.0000       0.0000
   12.00    5.95   83.96 -0.023774806   0.0000       0.0000       0.0000       0.0000
   13.00    6.45   83.45 -0.025731023   0.0000       0.0000       0.0000       0.0000
   14.00    6.95   82.95 -0.027681026   0.0000       0.0000       0.0000       0.0000
   15.00    7.44   82.45 -0.029624267   0.0000       0.0000       0.0000       0.0000
   16.00    7.94   81.94 -0.031560189   0.0000       0.0000       0.0000       0.0000
   17.00    8.43   81.44 -0.033488225   0.0000       0.0000       0.0000       0.0000
   18.00    8.93   80.94 -0.035407799   0.0000       0.0000       0.0000       0.0000
   19.00    9.43   80.43 -0.037318328   0.0000       0.0000       0.0000       0.0000
   20.00    9.92   79.93 -0.039219223   0.0000       0.0000       0.0000       0.0000
   21.00   10.42   79.43 -0.041109889   0.0000       0.0000       0.0000       0.0000
   22.00   10.92   78.92 -0.042989727   0.0000       0.0000       0.0000       0.0000
   23.00   11.41   78.42 -0.044858137   0.0000       0.0000       0.0000       0.0000
   24.00   11.91   77.92 -0.046714515   0.0000       0.0000       0.0000       0.0000
   25.00   12.40   77.41 -0.048558258   0.0000       0.0000       0.0000       0.0000
   26.00   12.90   76.91 -0.050388763   0.0000       0.0000       0.0000       0.0000
   27.00   13.40   76.41 -0.05220543    0.0000       0.0000       0.0000       0.0000
   28.00   13.89   75.90 -0.054007662   0.0000       0.0000       0.0000       0.0000
   29.00   14.39   75.40 -0.055794863   0.0000       0.0000       0.0000       0.0000
   30.00   14.89   74.90 -0.057566445   0.0000       0.0000       0.0000       0.0000
   31.00   15.38   74.39 -0.059321822   0.0000       0.0000       0.0000       0.0000
   32.00   15.88   73.89 -0.061060414   0.0000       0.0000       0.0000       0.0000
   33.00   16.38   73.39 -0.062781649   0.0000       0.0000       0.0000       0.0000
   34.00   16.87   72.88 -0.06448496    0.0000       0.0000       0.0000       0.0000
   35.00   17.37   72.38 -0.066169785   0.0000       0.0000       0.0000       0.0000
   36.00   17.87   71.88 -0.067835569   0.0000       0.0000       0.0000       0.0000
   37.00   18.36   71.38 -0.069481766   0.0000       0.0000       0.0000       0.0000
   38.00   18.86   70.87 -0.071107835   0.0000       0.0000       0.0000       0.0000
   39.00   19.36   70.37 -0.072713239   0.0000       0.0000       0.0000       0.0000
   40.00   19.85   69.87 -0.074297451   0.0000       0.0000       0.0000       0.0000
   41.00   20.35   69.37 -0.075859948   0.0000       0.0000       0.0000       0.0000
   42.00   20.85   68.86 -0.077400213   0.0000       0.0000       0.0000       0.0000
   43.00   21.35   68.36 -0.078917737   0.0000       0.0000       0.0000       0.0000
   44.00   21.84   67.86 -0.080412013   0.0000       0.0000       0.0000       0.0000
   45.00   22.34   67.36 -0.081882541   0.0000       0.0000       0.0000       0.0000
   46.00   22.84   66.85 -0.083328829   0.0000       0.0000       0.0000       0.0000
   47.00   23.33   66.35 -0.084750385   0.0000       0.0000       0.0000       0.0000
   48.00   23.83   65.85 -0.086146726   0.0000       0.0000       0.0000       0.0000
   49.00   24.33   65.35 -0.087517373   0.0000       0.0000       0.0000       0.0000
   50.00   24.83   64.84 -0.088861852   0.0000       0.0000       0.0000       0.0000
   51.00   25.32   64.34 -0.090179695   0.0000       0.0000       0.0000       0.0000
   52.00   25.82   63.84 -0.091470438   0.0000       0.0000       0.0000       0.0000
   53.00   26.32   63.34 -0.092733623   0.0000       0.0000       0.0000       0.0000
   54.00   26.82   62.84 -0.093968799   0.0000       0.0000       0.0000       0.0000
   55.00   27.31   62.33 -0.095175521   0.0000       0.0000       0.0000       0.0000
   56.00   27.81   61.83 -0.096353349   0.0000       0.0000       0.0000       0.0000
   57.00   28.31   61.33 -0.097501852   0.0000       0.0000       0.0000       0.0000
   58.00   28.81   60.83 -0.098620605   0.0000       0.0000       0.0000       0.0000
   59.00   29.31   60.33 -0.099709193   0.0000       0.0000       0.0000       0.0000
   60.00   29.80   59.83 -0.10076721    0.0000       0.0000       0.0000       0.0000
   61.00   30.30   59.32 -0.10179425    0.0000       0.0000       0.0000       0.0000
   62.00   30.80   58.82 -0.10278993    0.0000       0.0000       0.0000       0.0000
   63.00   31.30   58.32 -0.10375387    0.0000       0.0000       0.0000       0.0000
   64.00   31.80   57.82 -0.10468571    0.0000       0.0000       0.0000       0.0000
   65.00   32.29   57.32 -0.10558508    0.0000       0.0000       0.0000       0.0000
   66.00   32.79   56.82 -0.10645165    0.0000       0.0000       0.0000       0.0000
   67.00   33.29   56.32 -0.10728508    0.0000       0.0000       0.0000       0.0000
   68.00   33.79   55.82 -0.10808507    0.0000       0.0000       0.0000       0.0000
   69.00   34.29   55.32 -0.1088513     0.0000       0.0000       0.0000       0.0000
   70.00   34.79   54.81 -0.10958348    0.0000       0.0000       0.0000       0.0000
   71.00   35.29   54.31 -0.11028136    0.0000       0.0000       0.0000       0.0000
   72.00   35.78   53.81 -0.11094467    0.0000       0.0000       0.0000       0.0000
   73.00   36.28   53.31 -0.11157317    0.0000       0.0000       0.0000       0.0000
   74.00   36.78   52.81 -0.11216664    0.0000       0.0000       0.0000       0.0000
   75.00   37.28   52.31 -0.11272488    0.0000       0.0000       0.0000       0.0000
   76.00   37.78   51.81 -0.1132477     0.0000       0.0000       0.0000       0.0000
   77.00   38.28   51.31 -0.11373492    0.0000       0.0000       0.0000       0.0000
   78.00   38.78   50.81 -0.11418641    0.0000       0.0000       0.0000       0.0000
   79.00   39.28   50.31 -0.11460202    0.0000       0.0000       0.0000       0.0000
   80.00   39.78   49.81 -0.11498165    0.0000       0.0000       0.0000       0.0000
   81.00   40.28   49.31 -0.1153252     0.0000       0.0000       0.0000       0.0000
   82.00   40.77   48.81 -0.11563258    0.0000       0.0000       0.0000       0.0000
   83.00   41.27   48.31 -0.11590375    0.0000       0.0000       0.0000       0.0000
   84.00   41.77   47.81 -0.11613867    0.0000       0.0000       0.0000       0.0000
   85.00   42.27   47.31 -0.1163373     0.0000       0.0000       0.0000       0.0000
   86.00   42.77   46.81 -0.11649965    0.0000       0.0000       0.0000       0.0000
   87.00   43.27   46.31 -0.11662574    0.0000       0.0000       0.0000       0.0000
   88.00   43.77   45.81 -0.11671558    0.0000       0.0000       0.0000       0.0000
   89.00   44.27   45.31 -0.11676923    0.0000       0.0000       0.0000       0.0000
   90.00   44.77   44.81  -0.11678674   0.0000       0.0000       0.0000       0.0000
   91.00   45.27   44.31 -0.11676821    0.0000       0.0000       0.0000       0.0000
   92.00   45.77   43.81 -0.11671371    0.0000       0.0000       0.0000       0.0000
   93.00   46.27   43.32 -0.11662336    0.0000       0.0000       0.0000       0.0000
   94.00   46.77   42.82 -0.11649726    0.0000       0.0000       0.0000       0.0000
   95.00   47.27   42.32 -0.11633557    0.0000       0.0000       0.0000       0.0000
   96.00   47.77   41.82 -0.11613841    0.0000       0.0000       0.0000       0.0000
   97.00   48.27   41.32 -0.11590594    0.0000       0.0000       0.0000       0.0000
   98.00   48.77   40.82 -0.11563831    0.0000       0.0000       0.0000       0.0000
   99.00   49.28   40.32 -0.11533572    0.0000       0.0000       0.0000       0.0000
  100.00   49.78   39.82 -0.11499832    0.0000       0.0000       0.0000       0.0000
  101.00   50.28   39.33 -0.1146263     0.0000       0.0000       0.0000       0.0000
  102.00   50.78   38.83 -0.11421986    0.0000       0.0000       0.0000       0.0000
  103.00   51.28   38.33 -0.11377919    0.0000       0.0000       0.0000       0.0000
  104.00   51.78   37.83 -0.11330449    0.0000       0.0000       0.0000       0.0000
  105.00   52.28   37.33 -0.11279596    0.0000       0.0000       0.0000       0.0000
  106.00   52.78   36.83 -0.1122538     0.0000       0.0000       0.0000       0.0000
  107.00   53.28   36.34 -0.11167822    0.0000       0.0000       0.0000       0.0000
  108.00   53.78   35.84 -0.11106942    0.0000       0.0000       0.0000       0.0000
  109.00   54.28   35.34 -0.1104276     0.0000       0.0000       0.0000       0.0000
  110.00   54.79   34.84 -0.10975296    0.0000       0.0000       0.0000       0.0000
  111.00   55.29   34.35 -0.10904572    0.0000       0.0000       0.0000       0.0000
  112.00   55.79   33.85 -0.10830605    0.0000       0.0000       0.0000       0.0000
  113.00   56.29   33.35 -0.10753416    0.0000       0.0000       0.0000       0.0000
  114.00   56.79   32.85 -0.10673023    0.0000       0.0000       0.0000       0.0000
  115.00   57.29   32.36 -0.10589445    0.0000       0.0000       0.0000       0.0000
  116.00   57.79   31.86 -0.10502701    0.0000       0.0000       0.0000       0.0000
  117.00   58.30   31.36 -0.10412808    0.0000       0.0000       0.0000       0.0000
  118.00   58.80   30.87 -0.10319784    0.0000       0.0000       0.0000       0.0000
  119.00   59.30   30.37 -0.10223645    0.0000       0.0000       0.0000       0.0000
  120.00   59.80   29.87 -0.10124409    0.0000       0.0000       0.0000       0.0000
  121.00   60.30   29.38 -0.10022093    0.0000       0.0000       0.0000       0.0000
  122.00   60.81   28.88 -0.099167118   0.0000       0.0000       0.0000       0.0000
  123.00   61.31   28.38 -0.098082831   0.0000       0.0000       0.0000       0.0000
  124.00   61.81   27.89 -0.09696823    0.0000       0.0000       0.0000       0.0000
  125.00   62.31   27.39 -0.095823481   0.0000       0.0000       0.0000       0.0000
  126.00   62.81   26.89 -0.094648757   0.0000       0.0000       0.0000       0.0000
  127.00   63.32   26.40 -0.093444231   0.0000       0.0000       0.0000       0.0000
  128.00   63.82   25.90 -0.092210087   0.0000       0.0000       0.0000       0.0000
  129.00   64.32   25.41 -0.090946519   0.0000       0.0000       0.0000       0.0000
  130.00   64.82   24.91 -0.08965373    0.0000       0.0000       0.0000       0.0000
  131.00   65.33   24.42 -0.088331939   0.0000       0.0000       0.0000       0.0000
  132.00   65.83   23.92 -0.086981381   0.0000       0.0000       0.0000       0.0000
  133.00   66.33   23.42 -0.08560231    0.0000       0.0000       0.0000       0.0000
  134.00   66.83   22.93 -0.084195003   0.0000       0.0000       0.0000       0.0000
  135.00   67.34   22.43 -0.082759762   0.0000       0.0000       0.0000       0.0000
  136.00   67.84   21.94 -0.081296915   0.0000       0.0000       0.0000       0.0000
  137.00   68.34   21.45 -0.07980682    0.0000       0.0000       0.0000       0.0000
  138.00   68.85   20.95 -0.078289871   0.0000       0.0000       0.0000       0.0000
  139.00   69.35   20.46 -0.076746494   0.0000       0.0000       0.0000       0.0000
  140.00   69.85   19.96 -0.075177153   0.0000       0.0000       0.0000       0.0000
  141.00   70.35   19.47 -0.073582354   0.0000       0.0000       0.0000       0.0000
  142.00   70.86   18.97 -0.071962643   0.0000       0.0000       0.0000       0.0000
  143.00   71.36   18.48 -0.070318607   0.0000       0.0000       0.0000       0.0000
  144.00   71.86   17.99 -0.068650879   0.0000       0.0000       0.0000       0.0000
  145.00   72.37   17.49 -0.066960136   0.0000       0.0000       0.0000       0.0000
  146.00   72.87   17.00 -0.065247098   0.0000       0.0000       0.0000       0.0000
  147.00   73.37   16.51 -0.063512528   0.0000       0.0000       0.0000       0.0000
  148.00   73.88   16.02 -0.061757233   0.0000       0.0000       0.0000       0.0000
  149.00   74.38   15.52 -0.059982057   0.0000       0.0000       0.0000       0.0000
  150.00   74.88   15.03 -0.058187886   0.0000       0.0000       0.0000       0.0000
  151.00   75.39   14.54 -0.056375636   0.0000       0.0000       0.0000       0.0000
  152.00   75.89   14.05 -0.054546255   0.0000       0.0000       0.0000       0.0000
  153.00   76.39   13.56 -0.052700718   0.0000       0.0000       0.0000       0.0000
  154.00   76.90   13.07 -0.050840017   0.0000       0.0000       0.0000       0.0000
  155.00   77.40   12.58 -0.048965163   0.0000       0.0000       0.0000       0.0000
  156.00   77.90   12.09 -0.047077173   0.0000       0.0000       0.0000       0.0000
  157.00   78.41   11.60 -0.045177065   0.0000       0.0000       0.0000       0.0000
  158.00   78.91   11.11 -0.043265855   0.0000       0.0000       0.0000       0.0000
  159.00   79.41   10.63 -0.041344543   0.0000       0.0000       0.0000       0.0000
  160.00   79.92   10.14 -0.039414114   0.0000       0.0000       0.0000       0.0000
  161.00   80.42    9.66 -0.037475522   0.0000       0.0000       0.0000       0.0000
  162.00   80.92    9.17 -0.035529692   0.0000       0.0000       0.0000       0.0000
  163.00   81.43    8.69 -0.033577504   0.0000       0.0000       0.0000       0.0000
  164.00   81.93    8.21 -0.031619797   0.0000       0.0000       0.0000       0.0000
  165.00   82.43    7.73 -0.029657355   0.0000       0.0000       0.0000       0.0000
  166.00   82.93    7.26 -0.027690907   0.0000       0.0000       0.0000       0.0000
  167.00   83.44    6.78 -0.025721122   0.0000       0.0000       0.0000       0.0000
  168.00   83.94    6.31 -0.023748605   0.0000       0.0000       0.0000       0.0000
  169.00   84.44    5.85 -0.021773897   0.0000       0.0000       0.0000       0.0000
  170.00   84.94    5.39 -0.019797473   0.0000       0.0000       0.0000       0.0000
  171.00   85.43    4.94 -0.01781974    0.0000       0.0000       0.0000       0.0000
  172.00   85.93    4.49 -0.015841045   0.0000       0.0000       0.0000       0.0000
  173.00   86.42    4.06 -0.013861671   0.0000       0.0000       0.0000       0.0000
  174.00   86.90    3.65 -0.011881842   0.0000       0.0000       0.0000       0.0000
  175.00   87.38    3.26 -0.0099017302  0.0000       0.0000       0.0000       0.0000
  176.00   87.83    2.90  -0.0079214603 0.0000       0.0000       0.0000       0.0000
  177.00   88.24    2.58  -0.0059411152 0.0000       0.0000       0.0000       0.0000
  178.00   88.59    2.33  -0.0039607442 0.0000       0.0000       0.0000       0.0000
  179.00   88.82    2.17  -0.0019803705 0.0000       0.0000       0.0000       0.0000
