# Tlab    np 1S0    np 3S1     np E1    np 1P1    np 3P1    np 3P0    np 3P2     np E2    np 3D1  np 3F2 
  1.00   30.4665  -12.8186    0.0943   -0.1893   -0.1259    0.2864    0.0037   -0.0016   -0.0032  0.0000 
  2.00   37.7926  -18.0471    0.2433   -0.4865   -0.3305    0.7842    0.0118   -0.0079   -0.0167  0.0001 
  3.00   41.7298  -22.0024    0.4099   -0.8178   -0.5668    1.3975    0.0236   -0.0193   -0.0423  0.0004 
  4.00   44.2156  -25.2896    0.5813   -1.1590   -0.8184    2.0908    0.0388   -0.0357   -0.0800  0.0011 
  5.00   45.9264  -28.1448    0.7516   -1.4990   -1.0769    2.8439    0.0570   -0.0563   -0.1293  0.0020 
  6.00   47.1706  -30.6899    0.9173   -1.8319   -1.3378    3.6432    0.0778   -0.0806   -0.1895  0.0034 
  7.00   48.1112  -32.9981    1.0769   -2.1547   -1.5980    4.4790    0.1010   -0.1081   -0.2595  0.0053 
  8.00   48.8427  -35.1172    1.2294   -2.4660   -1.8560    5.3440    0.1262   -0.1384   -0.3386  0.0075 
  9.00   49.4241  -37.0809    1.3744   -2.7652   -2.1106    6.2323    0.1532   -0.1710   -0.4259  0.0102 
 10.00   49.8940  -38.9138    1.5119   -3.0523   -2.3611    7.1392    0.1818   -0.2055   -0.5205  0.0134 
 11.00   50.2791  -40.6347    1.6420   -3.3273   -2.6073    8.0607    0.2119   -0.2416   -0.6219  0.0170 
 12.00   50.5979  -42.2583    1.7649   -3.5908   -2.8488    8.9933    0.2432   -0.2790   -0.7292  0.0210 
 13.00   50.8641  -43.7961    1.8809   -3.8432   -3.0856    9.9341    0.2755   -0.3176   -0.8420  0.0253 
 14.00   51.0879  -45.2579    1.9903   -4.0850   -3.3178   10.8804    0.3088   -0.3571   -0.9596  0.0301 
 15.00   51.2768  -46.6516    2.0934   -4.3166   -3.5453   11.8299    0.3430   -0.3973   -1.0817  0.0352 
 16.00   51.4369  -47.9838    2.1906   -4.5387   -3.7683   12.7804    0.3779   -0.4382   -1.2077  0.0407 
 17.00   51.5728  -49.2601    2.2821   -4.7518   -3.9868   13.7300    0.4134   -0.4794   -1.3373  0.0464 
 18.00   51.6883  -50.4856    2.3683   -4.9563   -4.2011   14.6769    0.4495   -0.5211   -1.4701  0.0525 
 19.00   51.7862  -51.6643    2.4494   -5.1526   -4.4112   15.6197    0.4860   -0.5630   -1.6058  0.0589 
 20.00   51.8692  -52.8000    2.5259   -5.3413   -4.6172   16.5567    0.5230   -0.6051   -1.7441  0.0655 
 21.00   51.9390  -53.8959    2.5978   -5.5228   -4.8194   17.4867    0.5603   -0.6473   -1.8847  0.0723 
 22.00   51.9975  -54.9548    2.6655   -5.6974   -5.0179   18.4084    0.5978   -0.6896   -2.0275  0.0794 
 23.00   52.0459  -55.9794    2.7292   -5.8655   -5.2128   19.3208    0.6356   -0.7318   -2.1721  0.0867 
 24.00   52.0855  -56.9719    2.7891   -6.0274   -5.4041   20.2229    0.6736   -0.7740   -2.3185  0.0942 
 25.00   52.1173  -57.9343    2.8455   -6.1835   -5.5922   21.1137    0.7118   -0.8161   -2.4664  0.1019 
 26.00   52.1420  -58.8686    2.8984   -6.3340   -5.7770   21.9924    0.7500   -0.8580   -2.6157  0.1097 
 27.00   52.1604  -59.7764    2.9482   -6.4793   -5.9588   22.8584    0.7884   -0.8999   -2.7662  0.1177 
 28.00   52.1732  -60.6592    2.9949   -6.6195   -6.1375   23.7109    0.8268   -0.9415   -2.9178  0.1259 
 29.00   52.1808  -61.5185    3.0388   -6.7550   -6.3134   24.5495    0.8651   -0.9829   -3.0704  0.1342 
 30.00   52.1838  -62.3554    3.0799   -6.8860   -6.4865   25.3736    0.9035   -1.0241   -3.2239  0.1426 
 31.00   52.1826  -63.1713    3.1184   -7.0126   -6.6570   26.1828    0.9419   -1.0650   -3.3782  0.1511 
 32.00   52.1774  -63.9671    3.1545   -7.1351   -6.8248   26.9768    0.9802   -1.1057   -3.5331  0.1598 
 33.00   52.1687  -64.7439    3.1882   -7.2537   -6.9902   27.7553    1.0184   -1.1462   -3.6887  0.1685 
 34.00   52.1568  -65.5026    3.2197   -7.3686   -7.1532   28.5180    1.0565   -1.1863   -3.8447  0.1773 
 35.00   52.1418  -66.2441    3.2491   -7.4798   -7.3139   29.2648    1.0946   -1.2262   -4.0013  0.1862 
 36.00   52.1240  -66.9691    3.2764   -7.5876   -7.4724   29.9955    1.1325   -1.2657   -4.1582  0.1951 
 37.00   52.1037  -67.6784    3.3018   -7.6922   -7.6286   30.7102    1.1702   -1.3050   -4.3155  0.2042 
 38.00   52.0809  -68.3728    3.3254   -7.7936   -7.7828   31.4086    1.2078   -1.3439   -4.4730  0.2133 
 39.00   52.0559  -69.0527    3.3473   -7.8920   -7.9350   32.0909    1.2453   -1.3825   -4.6308  0.2224 
 40.00   52.0288  -69.7189    3.3674   -7.9874   -8.0853   32.7571    1.2826   -1.4209   -4.7888  0.2316 
 41.00   51.9997  -70.3720    3.3859   -8.0802   -8.2336   33.4072    1.3197   -1.4589   -4.9470  0.2408 
 42.00   51.9687  -71.0123    3.4030   -8.1702   -8.3801   34.0413    1.3566   -1.4965   -5.1053  0.2501 
 43.00   51.9361  -71.6406    3.4185   -8.2577   -8.5248   34.6597    1.3933   -1.5339   -5.2636  0.2594 
 44.00   51.9017  -72.2572    3.4326   -8.3428   -8.6678   35.2623    1.4298   -1.5709   -5.4220  0.2687 
 45.00   51.8659  -72.8625    3.4454   -8.4254   -8.8092   35.8494    1.4661   -1.6076   -5.5804  0.2780 
 46.00   51.8285  -73.4571    3.4569   -8.5058   -8.9489   36.4212    1.5022   -1.6440   -5.7388  0.2874 
 47.00   51.7898  -74.0412    3.4671   -8.5840   -9.0870   36.9779    1.5381   -1.6801   -5.8972  0.2968 
 48.00   51.7497  -74.6153    3.4762   -8.6601   -9.2237   37.5197    1.5738   -1.7158   -6.0555  0.3061 
 49.00   51.7084  -75.1798    3.4841   -8.7342   -9.3588   38.0468    1.6092   -1.7513   -6.2138  0.3155 
 50.00   51.6659  -75.7349    3.4909   -8.8063   -9.4925   38.5595    1.6444   -1.7864   -6.3720  0.3249 
 51.00   51.6222  -76.2810    3.4967   -8.8764   -9.6248   39.0580    1.6793   -1.8212   -6.5300  0.3343 
 52.00   51.5775  -76.8185    3.5014   -8.9448   -9.7557   39.5425    1.7140   -1.8556   -6.6880  0.3437 
 53.00   51.5317  -77.3475    3.5052   -9.0114   -9.8853   40.0134    1.7484   -1.8898   -6.8458  0.3531 
 54.00   51.4849  -77.8684    3.5080   -9.0763  -10.0136   40.4709    1.7827   -1.9236   -7.0034  0.3625 
 55.00   51.4371  -78.3814    3.5099   -9.1395  -10.1407   40.9153    1.8166   -1.9572   -7.1609  0.3718 
 56.00   51.3884  -78.8868    3.5110   -9.2011  -10.2665   41.3468    1.8503   -1.9904   -7.3182  0.3812 
 57.00   51.3388  -79.3848    3.5112   -9.2612  -10.3912   41.7657    1.8838   -2.0233   -7.4753  0.3905 
 58.00   51.2884  -79.8757    3.5106   -9.3197  -10.5147   42.1723    1.9170   -2.0559   -7.6322  0.3999 
 59.00   51.2371  -80.3596    3.5092   -9.3768  -10.6370   42.5669    1.9499   -2.0882   -7.7890  0.4092 
 60.00   51.1850  -80.8368    3.5070   -9.4325  -10.7582   42.9497    1.9826   -2.1202   -7.9455  0.4185 
 61.00   51.1322  -81.3076    3.5041   -9.4869  -10.8784   43.3210    2.0150   -2.1519   -8.1018  0.4277 
 62.00   51.0786  -81.7719    3.5005   -9.5399  -10.9975   43.6810    2.0472   -2.1834   -8.2579  0.4370 
 63.00   51.0242  -82.2302    3.4962   -9.5916  -11.1156   44.0300    2.0791   -2.2145   -8.4137  0.4462 
 64.00   50.9692  -82.6825    3.4913   -9.6421  -11.2327   44.3684    2.1107   -2.2453   -8.5693  0.4554 
 65.00   50.9135  -83.1289    3.4857   -9.6913  -11.3488   44.6962    2.1421   -2.2759   -8.7247  0.4645 
 66.00   50.8571  -83.5698    3.4796   -9.7394  -11.4639   45.0139    2.1732   -2.3061   -8.8798  0.4736 
 67.00   50.8000  -84.0051    3.4728   -9.7864  -11.5781   45.3216    2.2041   -2.3361   -9.0347  0.4827 
 68.00   50.7424  -84.4352    3.4654   -9.8322  -11.6914   45.6195    2.2347   -2.3658   -9.1893  0.4918 
 69.00   50.6841  -84.8600    3.4575   -9.8769  -11.8037   45.9080    2.2650   -2.3952   -9.3437  0.5008 
 70.00   50.6252  -85.2799    3.4490   -9.9206  -11.9152   46.1872    2.2951   -2.4243   -9.4978  0.5098 
 71.00   50.5657  -85.6948    3.4401   -9.9633  -12.0259   46.4574    2.3249   -2.4532   -9.6517  0.5188 
 72.00   50.5057  -86.1049    3.4306  -10.0049  -12.1357   46.7188    2.3545   -2.4818   -9.8053  0.5277 
 73.00   50.4451  -86.5104    3.4206  -10.0456  -12.2446   46.9716    2.3838   -2.5101   -9.9586  0.5366 
 74.00   50.3839  -86.9113    3.4101  -10.0853  -12.3528   47.2161    2.4128   -2.5381  -10.1117  0.5455 
 75.00   50.3222  -87.3078    3.3992  -10.1242  -12.4602   47.4524    2.4415   -2.5659  -10.2645  0.5543 
 76.00   50.2600  -87.7000    3.3878  -10.1621  -12.5668   47.6807    2.4701   -2.5934  -10.4171  0.5631 
 77.00   50.1972  -88.0880    3.3760  -10.1991  -12.6726   47.9013    2.4983   -2.6207  -10.5694  0.5718 
 78.00   50.1340  -88.4719    3.3638  -10.2353  -12.7777   48.1144    2.5263   -2.6477  -10.7214  0.5805 
 79.00   50.0702  -88.8518    3.3511  -10.2706  -12.8821   48.3200    2.5540   -2.6744  -10.8731  0.5891 
 80.00   50.0060  -89.2278    3.3381  -10.3051  -12.9857   48.5185    2.5815   -2.7009  -11.0246  0.5977 
 81.00   49.9413  -89.6000    3.3247  -10.3388  -13.0886   48.7100    2.6087   -2.7271  -11.1759  0.6063 
 82.00   49.8761  -89.9684    3.3109  -10.3717  -13.1909   48.8947    2.6357   -2.7531  -11.3268  0.6148 
 83.00   49.8104   89.6667   -3.2967  -10.4039  -13.2924   49.0726    2.6624   -2.7789  -11.4775  0.6233 
 84.00   49.7443   89.3054   -3.2822  -10.4353  -13.3933   49.2442    2.6888   -2.8044  -11.6279  0.6317 
 85.00   49.6777   88.9476   -3.2673  -10.4660  -13.4935   49.4093    2.7150   -2.8296  -11.7781  0.6401 
 86.00   49.6107   88.5931   -3.2521  -10.4960  -13.5931   49.5683    2.7410   -2.8546  -11.9280  0.6485 
 87.00   49.5433   88.2420   -3.2366  -10.5253  -13.6921   49.7213    2.7667   -2.8794  -12.0776  0.6568 
 88.00   49.4754   87.8941   -3.2208  -10.5538  -13.7904   49.8684    2.7921   -2.9039  -12.2269  0.6650 
 89.00   49.4071   87.5493   -3.2046  -10.5818  -13.8881   50.0098    2.8173   -2.9282  -12.3760  0.6732 
 90.00   49.3384   87.2077   -3.1882  -10.6090  -13.9852   50.1455    2.8422   -2.9522  -12.5249  0.6814 
 91.00   49.2693   86.8690   -3.1714  -10.6356  -14.0817   50.2759    2.8669   -2.9760  -12.6735  0.6895 
 92.00   49.1997   86.5333   -3.1544  -10.6616  -14.1776   50.4009    2.8914   -2.9996  -12.8218  0.6975 
 93.00   49.1298   86.2005   -3.1371  -10.6870  -14.2729   50.5207    2.9156   -3.0230  -12.9698  0.7056 
 94.00   49.0594   85.8706   -3.1196  -10.7118  -14.3677   50.6355    2.9395   -3.0461  -13.1176  0.7135 
 95.00   48.9887   85.5433   -3.1017  -10.7359  -14.4619   50.7453    2.9632   -3.0690  -13.2651  0.7214 
 96.00   48.9175   85.2188   -3.0837  -10.7595  -14.5555   50.8503    2.9867   -3.0916  -13.4124  0.7293 
 97.00   48.8460   84.8970   -3.0653  -10.7825  -14.6486   50.9505    3.0099   -3.1141  -13.5594  0.7371 
 98.00   48.7741   84.5777   -3.0468  -10.8050  -14.7412   51.0462    3.0329   -3.1363  -13.7062  0.7449 
 99.00   48.7018   84.2610   -3.0280  -10.8269  -14.8332   51.1374    3.0556   -3.1583  -13.8527  0.7526 
100.00   48.6291   83.9468   -3.0089  -10.8482  -14.9247   51.2242    3.0781   -3.1801  -13.9990  0.7603 
101.00   48.5561   83.6350   -2.9897  -10.8691  -15.0157   51.3068    3.1004   -3.2016  -14.1450  0.7679 
102.00   48.4827   83.3256   -2.9702  -10.8894  -15.1062   51.3851    3.1224   -3.2230  -14.2908  0.7755 
103.00   48.4089   83.0185   -2.9506  -10.9091  -15.1962   51.4594    3.1442   -3.2441  -14.4363  0.7830 
104.00   48.3347   82.7137   -2.9307  -10.9284  -15.2856   51.5297    3.1658   -3.2650  -14.5815  0.7905 
105.00   48.2602   82.4112   -2.9106  -10.9472  -15.3746   51.5960    3.1871   -3.2857  -14.7265  0.7979 
106.00   48.1854   82.1109   -2.8903  -10.9655  -15.4631   51.6586    3.2082   -3.3062  -14.8713  0.8053 
107.00   48.1102   81.8127   -2.8699  -10.9833  -15.5511   51.7175    3.2290   -3.3265  -15.0158  0.8126 
108.00   48.0346   81.5166   -2.8492  -11.0006  -15.6387   51.7727    3.2497   -3.3465  -15.1601  0.8198 
109.00   47.9587   81.2227   -2.8284  -11.0175  -15.7257   51.8243    3.2701   -3.3664  -15.3042  0.8270 
110.00   47.8825   80.9307   -2.8074  -11.0339  -15.8123   51.8725    3.2902   -3.3860  -15.4480  0.8342 
111.00   47.8059   80.6407   -2.7863  -11.0499  -15.8985   51.9173    3.3102   -3.4055  -15.5915  0.8413 
112.00   47.7290   80.3527   -2.7649  -11.0654  -15.9841   51.9587    3.3299   -3.4247  -15.7348  0.8484 
113.00   47.6517   80.0666   -2.7434  -11.0804  -16.0694   51.9970    3.3494   -3.4438  -15.8779  0.8554 
114.00   47.5741   79.7824   -2.7218  -11.0951  -16.1542   52.0320    3.3686   -3.4626  -16.0208  0.8623 
115.00   47.4962   79.5000   -2.7000  -11.1093  -16.2385   52.0639    3.3876   -3.4812  -16.1634  0.8692 
116.00   47.4179   79.2195   -2.6780  -11.1231  -16.3224   52.0928    3.4065   -3.4997  -16.3057  0.8761 
117.00   47.3393   78.9407   -2.6559  -11.1364  -16.4058   52.1187    3.4250   -3.5179  -16.4479  0.8829 
118.00   47.2604   78.6637   -2.6337  -11.1494  -16.4889   52.1416    3.4434   -3.5359  -16.5898  0.8896 
119.00   47.1812   78.3883   -2.6113  -11.1619  -16.5715   52.1618    3.4616   -3.5537  -16.7315  0.8963 
120.00   47.1016   78.1147   -2.5888  -11.1741  -16.6537   52.1791    3.4795   -3.5714  -16.8729  0.9030 
121.00   47.0217   77.8427   -2.5662  -11.1858  -16.7354   52.1937    3.4972   -3.5888  -17.0141  0.9096 
122.00   46.9415   77.5723   -2.5434  -11.1972  -16.8167   52.2057    3.5147   -3.6061  -17.1551  0.9161 
123.00   46.8610   77.3035   -2.5205  -11.2082  -16.8977   52.2150    3.5320   -3.6231  -17.2958  0.9226 
124.00   46.7802   77.0363   -2.4975  -11.2188  -16.9782   52.2217    3.5490   -3.6400  -17.4364  0.9290 
125.00   46.6990   76.7706   -2.4744  -11.2290  -17.0583   52.2259    3.5659   -3.6567  -17.5767  0.9354 
126.00   46.6176   76.5064   -2.4511  -11.2389  -17.1380   52.2277    3.5825   -3.6731  -17.7167  0.9418 
127.00   46.5358   76.2436   -2.4278  -11.2483  -17.2173   52.2271    3.5989   -3.6894  -17.8566  0.9480 
128.00   46.4538   75.9824   -2.4043  -11.2575  -17.2961   52.2241    3.6151   -3.7055  -17.9962  0.9543 
129.00   46.3714   75.7225   -2.3808  -11.2662  -17.3746   52.2188    3.6311   -3.7214  -18.1356  0.9604 
130.00   46.2887   75.4641   -2.3571  -11.2746  -17.4527   52.2112    3.6469   -3.7371  -18.2748  0.9666 
131.00   46.2057   75.2070   -2.3333  -11.2827  -17.5304   52.2014    3.6625   -3.7527  -18.4137  0.9726 
132.00   46.1225   74.9513   -2.3095  -11.2904  -17.6077   52.1894    3.6779   -3.7680  -18.5524  0.9786 
133.00   46.0389   74.6969   -2.2855  -11.2977  -17.6846   52.1753    3.6930   -3.7832  -18.6909  0.9846 
134.00   45.9550   74.4438   -2.2615  -11.3048  -17.7612   52.1590    3.7080   -3.7981  -18.8292  0.9905 
135.00   45.8709   74.1920   -2.2373  -11.3114  -17.8373   52.1408    3.7227   -3.8129  -18.9673  0.9964 
136.00   45.7864   73.9415   -2.2131  -11.3178  -17.9130   52.1205    3.7373   -3.8275  -19.1051  1.0022 
137.00   45.7017   73.6922   -2.1888  -11.3238  -17.9884   52.0982    3.7516   -3.8420  -19.2427  1.0079 
138.00   45.6166   73.4441   -2.1644  -11.3295  -18.0634   52.0740    3.7658   -3.8562  -19.3801  1.0136 
139.00   45.5313   73.1972   -2.1399  -11.3348  -18.1380   52.0479    3.7797   -3.8703  -19.5173  1.0193 
140.00   45.4457   72.9515   -2.1154  -11.3399  -18.2122   52.0199    3.7934   -3.8841  -19.6543  1.0249 
141.00   45.3598   72.7069   -2.0908  -11.3446  -18.2861   51.9901    3.8070   -3.8978  -19.7910  1.0304 
142.00   45.2736   72.4635   -2.0661  -11.3490  -18.3595   51.9585    3.8203   -3.9113  -19.9275  1.0359 
143.00   45.1871   72.2212   -2.0413  -11.3531  -18.4326   51.9251    3.8334   -3.9247  -20.0638  1.0413 
144.00   45.1004   71.9800   -2.0165  -11.3568  -18.5053   51.8900    3.8464   -3.9378  -20.1999  1.0467 
145.00   45.0134   71.7399   -1.9916  -11.3603  -18.5777   51.8532    3.8591   -3.9508  -20.3358  1.0521 
146.00   44.9261   71.5008   -1.9666  -11.3634  -18.6497   51.8148    3.8717   -3.9636  -20.4714  1.0573 
147.00   44.8385   71.2628   -1.9416  -11.3663  -18.7213   51.7747    3.8840   -3.9762  -20.6068  1.0626 
148.00   44.7506   71.0258   -1.9165  -11.3688  -18.7925   51.7330    3.8962   -3.9887  -20.7420  1.0677 
149.00   44.6625   70.7898   -1.8914  -11.3711  -18.8633   51.6897    3.9081   -4.0010  -20.8770  1.0729 
150.00   44.5741   70.5549   -1.8662  -11.3730  -18.9338   51.6448    3.9199   -4.0131  -21.0118  1.0779 
151.00   44.4854   70.3209   -1.8410  -11.3747  -19.0039   51.5985    3.9315   -4.0250  -21.1463  1.0830 
152.00   44.3965   70.0878   -1.8156  -11.3760  -19.0737   51.5506    3.9429   -4.0367  -21.2806  1.0879 
153.00   44.3072   69.8557   -1.7903  -11.3771  -19.1431   51.5013    3.9541   -4.0483  -21.4148  1.0928 
154.00   44.2178   69.6246   -1.7649  -11.3779  -19.2121   51.4505    3.9651   -4.0597  -21.5486  1.0977 
155.00   44.1280   69.3944   -1.7394  -11.3784  -19.2807   51.3983    3.9759   -4.0709  -21.6823  1.1025 
156.00   44.0380   69.1650   -1.7140  -11.3786  -19.3490   51.3447    3.9865   -4.0820  -21.8157  1.1073 
157.00   43.9477   68.9366   -1.6884  -11.3785  -19.4169   51.2897    3.9969   -4.0929  -21.9490  1.1120 
158.00   43.8572   68.7090   -1.6628  -11.3781  -19.4844   51.2334    4.0072   -4.1036  -22.0820  1.1166 
159.00   43.7664   68.4823   -1.6372  -11.3775  -19.5516   51.1758    4.0173   -4.1141  -22.2147  1.1212 
160.00   43.6753   68.2564   -1.6116  -11.3765  -19.6184   51.1168    4.0271   -4.1245  -22.3473  1.1258 
161.00   43.5840   68.0314   -1.5859  -11.3753  -19.6848   51.0566    4.0368   -4.1347  -22.4796  1.1303 
162.00   43.4924   67.8072   -1.5601  -11.3739  -19.7508   50.9951    4.0464   -4.1447  -22.6117  1.1347 
163.00   43.4006   67.5838   -1.5344  -11.3721  -19.8165   50.9324    4.0557   -4.1546  -22.7436  1.1391 
164.00   43.3085   67.3612   -1.5086  -11.3701  -19.8818   50.8685    4.0648   -4.1643  -22.8753  1.1435 
165.00   43.2162   67.1394   -1.4827  -11.3678  -19.9468   50.8033    4.0738   -4.1738  -23.0067  1.1478 
166.00   43.1236   66.9183   -1.4569  -11.3652  -20.0113   50.7370    4.0826   -4.1832  -23.1379  1.1520 
167.00   43.0307   66.6981   -1.4310  -11.3624  -20.0755   50.6696    4.0912   -4.1924  -23.2689  1.1562 
168.00   42.9377   66.4785   -1.4051  -11.3593  -20.1394   50.6009    4.0996   -4.2014  -23.3996  1.1603 
169.00   42.8443   66.2597   -1.3791  -11.3559  -20.2028   50.5312    4.1079   -4.2102  -23.5301  1.1644 
170.00   42.7507   66.0416   -1.3531  -11.3522  -20.2659   50.4604    4.1159   -4.2189  -23.6604  1.1684 
171.00   42.6569   65.8243   -1.3271  -11.3483  -20.3286   50.3885    4.1238   -4.2275  -23.7905  1.1724 
172.00   42.5628   65.6076   -1.3011  -11.3442  -20.3910   50.3155    4.1315   -4.2358  -23.9203  1.1763 
173.00   42.4685   65.3916   -1.2751  -11.3397  -20.4529   50.2414    4.1391   -4.2440  -24.0499  1.1802 
174.00   42.3740   65.1763   -1.2490  -11.3350  -20.5145   50.1664    4.1464   -4.2520  -24.1792  1.1841 
175.00   42.2792   64.9617   -1.2230  -11.3301  -20.5757   50.0903    4.1536   -4.2599  -24.3083  1.1878 
176.00   42.1841   64.7478   -1.1969  -11.3249  -20.6365   50.0132    4.1606   -4.2676  -24.4372  1.1916 
177.00   42.0889   64.5345   -1.1708  -11.3194  -20.6970   49.9351    4.1675   -4.2752  -24.5658  1.1952 
178.00   41.9934   64.3218   -1.1446  -11.3137  -20.7570   49.8560    4.1741   -4.2825  -24.6942  1.1988 
179.00   41.8976   64.1098   -1.1185  -11.3077  -20.8167   49.7760    4.1806   -4.2898  -24.8224  1.2024 
180.00   41.8017   63.8984   -1.0923  -11.3015  -20.8760   49.6951    4.1869   -4.2968  -24.9503  1.2059 
181.00   41.7054   63.6876   -1.0662  -11.2950  -20.9349   49.6132    4.1931   -4.3037  -25.0780  1.2094 
182.00   41.6090   63.4774   -1.0400  -11.2883  -20.9934   49.5304    4.1991   -4.3104  -25.2054  1.2128 
183.00   41.5123   63.2678   -1.0138  -11.2813  -21.0516   49.4467    4.2049   -4.3170  -25.3326  1.2162 
184.00   41.4154   63.0588   -0.9876  -11.2741  -21.1093   49.3622    4.2105   -4.3234  -25.4595  1.2195 
185.00   41.3183   62.8504   -0.9614  -11.2666  -21.1667   49.2767    4.2160   -4.3297  -25.5862  1.2228 
186.00   41.2210   62.6425   -0.9352  -11.2589  -21.2237   49.1904    4.2213   -4.3357  -25.7126  1.2260 
187.00   41.1234   62.4352   -0.9090  -11.2509  -21.2803   49.1033    4.2265   -4.3417  -25.8388  1.2292 
188.00   41.0256   62.2285   -0.8828  -11.2426  -21.3364   49.0153    4.2315   -4.3474  -25.9647  1.2323 
189.00   40.9276   62.0223   -0.8566  -11.2342  -21.3922   48.9265    4.2363   -4.3531  -26.0904  1.2354 
190.00   40.8294   61.8167   -0.8304  -11.2255  -21.4476   48.8369    4.2409   -4.3585  -26.2158  1.2384 
191.00   40.7309   61.6116   -0.8041  -11.2165  -21.5026   48.7465    4.2454   -4.3638  -26.3409  1.2413 
192.00   40.6323   61.4070   -0.7779  -11.2073  -21.5572   48.6553    4.2497   -4.3689  -26.4658  1.2443 
193.00   40.5334   61.2029   -0.7517  -11.1978  -21.6114   48.5633    4.2539   -4.3739  -26.5904  1.2471 
194.00   40.4343   60.9994   -0.7255  -11.1882  -21.6652   48.4706    4.2579   -4.3788  -26.7148  1.2499 
195.00   40.3350   60.7963   -0.6992  -11.1782  -21.7185   48.3771    4.2617   -4.3834  -26.8389  1.2527 
196.00   40.2354   60.5937   -0.6730  -11.1681  -21.7715   48.2829    4.2654   -4.3879  -26.9627  1.2554 
197.00   40.1357   60.3917   -0.6468  -11.1576  -21.8241   48.1880    4.2689   -4.3923  -27.0862  1.2581 
198.00   40.0358   60.1901   -0.6206  -11.1470  -21.8762   48.0923    4.2723   -4.3965  -27.2095  1.2607 
199.00   39.9356   59.9890   -0.5944  -11.1361  -21.9279   47.9960    4.2755   -4.4005  -27.3325  1.2633 
200.00   39.8352   59.7883   -0.5682  -11.1250  -21.9793   47.8989    4.2785   -4.4044  -27.4552  1.2658 
201.00   39.7347   59.5881   -0.5420  -11.1136  -22.0302   47.8012    4.2814   -4.4082  -27.5776  1.2683 
202.00   39.6339   59.3884   -0.5158  -11.1020  -22.0806   47.7027    4.2841   -4.4118  -27.6998  1.2707 
203.00   39.5330   59.1891   -0.4896  -11.0902  -22.1307   47.6037    4.2867   -4.4152  -27.8216  1.2731 
204.00   39.4318   58.9903   -0.4635  -11.0781  -22.1803   47.5039    4.2891   -4.4185  -27.9432  1.2754 
205.00   39.3304   58.7919   -0.4373  -11.0658  -22.2295   47.4035    4.2913   -4.4216  -28.0645  1.2777 
206.00   39.2289   58.5940   -0.4112  -11.0533  -22.2783   47.3025    4.2934   -4.4246  -28.1855  1.2799 
207.00   39.1271   58.3964   -0.3850  -11.0405  -22.3266   47.2008    4.2954   -4.4274  -28.3062  1.2821 
208.00   39.0251   58.1993   -0.3589  -11.0275  -22.3746   47.0985    4.2972   -4.4301  -28.4265  1.2842 
209.00   38.9230   58.0026   -0.3328  -11.0143  -22.4220   46.9957    4.2988   -4.4326  -28.5466  1.2863 
210.00   38.8207   57.8064   -0.3067  -11.0008  -22.4691   46.8922    4.3003   -4.4349  -28.6664  1.2883 
211.00   38.7181   57.6105   -0.2806  -10.9872  -22.5157   46.7881    4.3017   -4.4372  -28.7859  1.2903 
212.00   38.6154   57.4150   -0.2546  -10.9732  -22.5618   46.6834    4.3029   -4.4392  -28.9051  1.2922 
213.00   38.5125   57.2199   -0.2285  -10.9591  -22.6075   46.5781    4.3039   -4.4411  -29.0239  1.2941 
214.00   38.4094   57.0252   -0.2025  -10.9447  -22.6528   46.4723    4.3048   -4.4429  -29.1425  1.2960 
215.00   38.3061   56.8309   -0.1765  -10.9301  -22.6976   46.3659    4.3056   -4.4445  -29.2607  1.2978 
216.00   38.2027   56.6370   -0.1505  -10.9153  -22.7419   46.2590    4.3062   -4.4460  -29.3786  1.2995 
217.00   38.0990   56.4435   -0.1245  -10.9002  -22.7858   46.1515    4.3066   -4.4473  -29.4962  1.3012 
218.00   37.9952   56.2503   -0.0985  -10.8850  -22.8293   46.0435    4.3069   -4.4485  -29.6134  1.3029 
219.00   37.8912   56.0575   -0.0726  -10.8694  -22.8723   45.9350    4.3071   -4.4495  -29.7303  1.3045 
220.00   37.7871   55.8651   -0.0467  -10.8537  -22.9148   45.8259    4.3071   -4.4504  -29.8469  1.3060 
221.00   37.6827   55.6730   -0.0208  -10.8378  -22.9568   45.7163    4.3070   -4.4511  -29.9632  1.3075 
222.00   37.5782   55.4813    0.0051  -10.8216  -22.9984   45.6063    4.3067   -4.4517  -30.0791  1.3090 
223.00   37.4735   55.2899    0.0309  -10.8052  -23.0395   45.4957    4.3063   -4.4522  -30.1947  1.3104 
224.00   37.3686   55.0988    0.0568  -10.7886  -23.0802   45.3846    4.3057   -4.4525  -30.3099  1.3118 
225.00   37.2636   54.9082    0.0826  -10.7717  -23.1203   45.2730    4.3050   -4.4526  -30.4247  1.3131 
226.00   37.1584   54.7178    0.1083  -10.7547  -23.1600   45.1610    4.3042   -4.4527  -30.5393  1.3144 
227.00   37.0530   54.5278    0.1341  -10.7374  -23.1992   45.0485    4.3032   -4.4525  -30.6534  1.3156 
228.00   36.9475   54.3381    0.1598  -10.7199  -23.2379   44.9355    4.3021   -4.4522  -30.7672  1.3168 
229.00   36.8418   54.1487    0.1855  -10.7022  -23.2761   44.8221    4.3008   -4.4518  -30.8806  1.3179 
230.00   36.7359   53.9597    0.2112  -10.6843  -23.3139   44.7082    4.2994   -4.4513  -30.9937  1.3190 
231.00   36.6299   53.7710    0.2369  -10.6661  -23.3511   44.5938    4.2979   -4.4506  -31.1064  1.3200 
232.00   36.5237   53.5826    0.2625  -10.6478  -23.3878   44.4791    4.2962   -4.4497  -31.2187  1.3210 
233.00   36.4174   53.3945    0.2881  -10.6292  -23.4241   44.3639    4.2944   -4.4487  -31.3307  1.3220 
234.00   36.3109   53.2067    0.3136  -10.6104  -23.4598   44.2482    4.2924   -4.4476  -31.4422  1.3229 
235.00   36.2043   53.0192    0.3392  -10.5914  -23.4950   44.1322    4.2904   -4.4463  -31.5534  1.3238 
236.00   36.0975   52.8321    0.3647  -10.5722  -23.5297   44.0157    4.2881   -4.4449  -31.6642  1.3246 
237.00   35.9905   52.6452    0.3901  -10.5527  -23.5639   43.8988    4.2858   -4.4434  -31.7745  1.3253 
238.00   35.8835   52.4586    0.4156  -10.5331  -23.5976   43.7816    4.2833   -4.4417  -31.8845  1.3261 
239.00   35.7762   52.2724    0.4410  -10.5132  -23.6308   43.6639    4.2807   -4.4399  -31.9941  1.3267 
240.00   35.6688   52.0864    0.4664  -10.4932  -23.6635   43.5458    4.2780   -4.4379  -32.1033  1.3274 
241.00   35.5613   51.9007    0.4917  -10.4729  -23.6956   43.4274    4.2751   -4.4358  -32.2120  1.3280 
242.00   35.4536   51.7153    0.5170  -10.4524  -23.7272   43.3086    4.2721   -4.4336  -32.3204  1.3285 
243.00   35.3458   51.5301    0.5423  -10.4317  -23.7582   43.1894    4.2689   -4.4312  -32.4283  1.3290 
244.00   35.2379   51.3453    0.5675  -10.4108  -23.7888   43.0698    4.2657   -4.4287  -32.5358  1.3295 
245.00   35.1298   51.1607    0.5927  -10.3897  -23.8188   42.9499    4.2623   -4.4261  -32.6429  1.3299 
246.00   35.0216   50.9764    0.6179  -10.3684  -23.8482   42.8296    4.2587   -4.4233  -32.7495  1.3303 
247.00   34.9132   50.7924    0.6431  -10.3469  -23.8771   42.7090    4.2551   -4.4204  -32.8557  1.3306 
248.00   34.8048   50.6086    0.6682  -10.3252  -23.9055   42.5880    4.2513   -4.4173  -32.9614  1.3309 
249.00   34.6961   50.4251    0.6932  -10.3033  -23.9333   42.4667    4.2474   -4.4142  -33.0667  1.3311 
250.00   34.5874   50.2419    0.7182  -10.2812  -23.9605   42.3450    4.2434   -4.4108  -33.1716  1.3313 
251.00   34.4785   50.0589    0.7432  -10.2588  -23.9872   42.2231    4.2392   -4.4074  -33.2760  1.3314 
252.00   34.3695   49.8762    0.7682  -10.2363  -24.0134   42.1008    4.2350   -4.4038  -33.3799  1.3315 
253.00   34.2604   49.6938    0.7931  -10.2136  -24.0389   41.9781    4.2306   -4.4001  -33.4834  1.3316 
254.00   34.1512   49.5116    0.8180  -10.1907  -24.0639   41.8552    4.2260   -4.3963  -33.5864  1.3316 
255.00   34.0418   49.3296    0.8428  -10.1676  -24.0884   41.7320    4.2214   -4.3923  -33.6889  1.3316 
256.00   33.9324   49.1479    0.8676  -10.1442  -24.1122   41.6084    4.2166   -4.3882  -33.7909  1.3315 
257.00   33.8228   48.9665    0.8923  -10.1207  -24.1355   41.4846    4.2117   -4.3840  -33.8925  1.3314 
258.00   33.7131   48.7853    0.9171  -10.0970  -24.1582   41.3604    4.2067   -4.3796  -33.9935  1.3313 
259.00   33.6033   48.6044    0.9417  -10.0731  -24.1803   41.2360    4.2016   -4.3751  -34.0941  1.3311 
260.00   33.4933   48.4237    0.9663  -10.0490  -24.2019   41.1113    4.1964   -4.3705  -34.1942  1.3309 
261.00   33.3833   48.2432    0.9909  -10.0248  -24.2228   40.9863    4.1910   -4.3658  -34.2937  1.3306 
262.00   33.2731   48.0630    1.0155  -10.0003  -24.2431   40.8610    4.1856   -4.3609  -34.3927  1.3303 
263.00   33.1629   47.8830    1.0400   -9.9756  -24.2629   40.7355    4.1800   -4.3560  -34.4913  1.3299 
264.00   33.0525   47.7033    1.0644   -9.9508  -24.2820   40.6097    4.1743   -4.3508  -34.5893  1.3295 
265.00   32.9421   47.5238    1.0888   -9.9257  -24.3006   40.4836    4.1684   -4.3456  -34.6867  1.3291 
266.00   32.8315   47.3445    1.1132   -9.9005  -24.3185   40.3573    4.1625   -4.3402  -34.7837  1.3286 
267.00   32.7209   47.1655    1.1375   -9.8751  -24.3358   40.2307    4.1565   -4.3348  -34.8800  1.3281 
268.00   32.6101   46.9867    1.1618   -9.8495  -24.3525   40.1038    4.1503   -4.3291  -34.9759  1.3275 
269.00   32.4993   46.8081    1.1860   -9.8237  -24.3686   39.9768    4.1440   -4.3234  -35.0712  1.3269 
270.00   32.3884   46.6297    1.2102   -9.7977  -24.3841   39.8495    4.1377   -4.3176  -35.1659  1.3262 
271.00   32.2773   46.4516    1.2343   -9.7716  -24.3989   39.7219    4.1312   -4.3116  -35.2601  1.3256 
272.00   32.1662   46.2737    1.2584   -9.7452  -24.4131   39.5941    4.1246   -4.3055  -35.3536  1.3248 
273.00   32.0550   46.0961    1.2824   -9.7187  -24.4267   39.4661    4.1179   -4.2993  -35.4467  1.3241 
274.00   31.9437   45.9186    1.3064   -9.6920  -24.4396   39.3379    4.1110   -4.2930  -35.5391  1.3233 
275.00   31.8324   45.7414    1.3304   -9.6652  -24.4520   39.2095    4.1041   -4.2865  -35.6309  1.3224 
276.00   31.7209   45.5644    1.3543   -9.6381  -24.4636   39.0808    4.0971   -4.2799  -35.7222  1.3215 
277.00   31.6094   45.3876    1.3781   -9.6109  -24.4746   38.9520    4.0900   -4.2732  -35.8128  1.3206 
278.00   31.4978   45.2111    1.4019   -9.5835  -24.4850   38.8229    4.0827   -4.2664  -35.9029  1.3197 
279.00   31.3861   45.0347    1.4256   -9.5560  -24.4947   38.6936    4.0754   -4.2595  -35.9923  1.3186 
280.00   31.2743   44.8586    1.4493   -9.5282  -24.5038   38.5642    4.0679   -4.2525  -36.0811  1.3176 
281.00   31.1625   44.6827    1.4729   -9.5003  -24.5122   38.4345    4.0604   -4.2454  -36.1693  1.3165 
282.00   31.0506   44.5070    1.4965   -9.4722  -24.5199   38.3046    4.0527   -4.2381  -36.2568  1.3154 
283.00   30.9386   44.3315    1.5200   -9.4440  -24.5270   38.1746    4.0450   -4.2307  -36.3437  1.3143 
284.00   30.8266   44.1562    1.5435   -9.4156  -24.5334   38.0444    4.0371   -4.2232  -36.4300  1.3131 
285.00   30.7145   43.9812    1.5669   -9.3870  -24.5392   37.9140    4.0291   -4.2156  -36.5156  1.3118 
286.00   30.6023   43.8064    1.5903   -9.3583  -24.5442   37.7834    4.0211   -4.2079  -36.6005  1.3106 
287.00   30.4901   43.6317    1.6136   -9.3294  -24.5486   37.6527    4.0129   -4.2001  -36.6848  1.3093 
288.00   30.3778   43.4573    1.6369   -9.3003  -24.5523   37.5218    4.0047   -4.1922  -36.7684  1.3079 
289.00   30.2655   43.2831    1.6601   -9.2711  -24.5553   37.3908    3.9963   -4.1841  -36.8513  1.3065 
290.00   30.1531   43.1091    1.6832   -9.2417  -24.5576   37.2595    3.9879   -4.1760  -36.9336  1.3051 
291.00   30.0407   42.9353    1.7063   -9.2122  -24.5593   37.1282    3.9794   -4.1677  -37.0151  1.3036 
292.00   29.9282   42.7617    1.7293   -9.1825  -24.5602   36.9966    3.9707   -4.1594  -37.0959  1.3022 
293.00   29.8156   42.5884    1.7523   -9.1526  -24.5604   36.8650    3.9620   -4.1509  -37.1760  1.3006 
294.00   29.7030   42.4152    1.7752   -9.1226  -24.5600   36.7332    3.9532   -4.1423  -37.2554  1.2991 
295.00   29.5904   42.2423    1.7981   -9.0925  -24.5588   36.6012    3.9443   -4.1337  -37.3341  1.2975 
296.00   29.4777   42.0695    1.8209   -9.0622  -24.5570   36.4692    3.9353   -4.1249  -37.4120  1.2958 
297.00   29.3650   41.8970    1.8436   -9.0317  -24.5544   36.3369    3.9262   -4.1160  -37.4892  1.2941 
298.00   29.2523   41.7246    1.8663   -9.0011  -24.5511   36.2046    3.9170   -4.1070  -37.5657  1.2924 
299.00   29.1395   41.5525    1.8889   -8.9704  -24.5471   36.0721    3.9077   -4.0979  -37.6414  1.2907 
300.00   29.0267   41.3806    1.9114   -8.9395  -24.5423   35.9396    3.8983   -4.0887  -37.7163  1.2889 
301.00   28.9138   41.2089    1.9339   -8.9085  -24.5369   35.8069    3.8889   -4.0794  -37.7905  1.2871 
302.00   28.8009   41.0373    1.9563   -8.8773  -24.5307   35.6740    3.8794   -4.0700  -37.8639  1.2853 
303.00   28.6880   40.8660    1.9787   -8.8460  -24.5238   35.5411    3.8697   -4.0605  -37.9365  1.2834 
304.00   28.5751   40.6949    2.0010   -8.8145  -24.5162   35.4081    3.8600   -4.0510  -38.0083  1.2814 
305.00   28.4621   40.5240    2.0232   -8.7829  -24.5078   35.2750    3.8502   -4.0413  -38.0792  1.2795 
306.00   28.3491   40.3534    2.0454   -8.7512  -24.4987   35.1418    3.8404   -4.0315  -38.1494  1.2775 
307.00   28.2361   40.1829    2.0675   -8.7193  -24.4889   35.0084    3.8304   -4.0216  -38.2188  1.2755 
308.00   28.1231   40.0126    2.0896   -8.6874  -24.4783   34.8750    3.8204   -4.0116  -38.2873  1.2734 
309.00   28.0100   39.8425    2.1115   -8.6552  -24.4669   34.7415    3.8102   -4.0016  -38.3550  1.2713 
310.00   27.8970   39.6726    2.1334   -8.6230  -24.4549   34.6079    3.8000   -3.9914  -38.4219  1.2692 
311.00   27.7839   39.5030    2.1553   -8.5906  -24.4420   34.4743    3.7897   -3.9812  -38.4879  1.2671 
312.00   27.6708   39.3335    2.1770   -8.5581  -24.4285   34.3405    3.7794   -3.9708  -38.5530  1.2649 
313.00   27.5578   39.1642    2.1987   -8.5255  -24.4141   34.2067    3.7689   -3.9604  -38.6173  1.2627 
314.00   27.4447   38.9952    2.2204   -8.4927  -24.3990   34.0728    3.7584   -3.9499  -38.6806  1.2604 
315.00   27.3316   38.8263    2.2419   -8.4599  -24.3832   33.9389    3.7478   -3.9392  -38.7431  1.2581 
316.00   27.2185   38.6577    2.2634   -8.4269  -24.3666   33.8049    3.7372   -3.9285  -38.8047  1.2558 
317.00   27.1054   38.4893    2.2848   -8.3938  -24.3492   33.6708    3.7264   -3.9177  -38.8654  1.2535 
318.00   26.9923   38.3210    2.3062   -8.3606  -24.3311   33.5366    3.7156   -3.9069  -38.9252  1.2511 
319.00   26.8792   38.1530    2.3275   -8.3272  -24.3122   33.4025    3.7047   -3.8959  -38.9841  1.2487 
320.00   26.7661   37.9852    2.3486   -8.2938  -24.2925   33.2682    3.6937   -3.8848  -39.0420  1.2462 
321.00   26.6531   37.8176    2.3698   -8.2602  -24.2720   33.1339    3.6827   -3.8737  -39.0990  1.2438 
322.00   26.5400   37.6502    2.3908   -8.2266  -24.2508   32.9996    3.6716   -3.8625  -39.1550  1.2412 
323.00   26.4270   37.4830    2.4118   -8.1928  -24.2288   32.8652    3.6604   -3.8512  -39.2100  1.2387 
324.00   26.3139   37.3160    2.4327   -8.1589  -24.2061   32.7308    3.6492   -3.8398  -39.2641  1.2361 
325.00   26.2009   37.1492    2.4535   -8.1249  -24.1825   32.5964    3.6378   -3.8283  -39.3172  1.2335 
326.00   26.0880   36.9827    2.4742   -8.0908  -24.1582   32.4619    3.6265   -3.8168  -39.3694  1.2309 
327.00   25.9750   36.8163    2.4949   -8.0567  -24.1330   32.3274    3.6150   -3.8052  -39.4205  1.2283 
328.00   25.8620   36.6501    2.5155   -8.0224  -24.1071   32.1929    3.6035   -3.7935  -39.4706  1.2256 
329.00   25.7491   36.4842    2.5360   -7.9880  -24.0804   32.0584    3.5919   -3.7817  -39.5197  1.2229 
330.00   25.6362   36.3185    2.5564   -7.9535  -24.0530   31.9238    3.5802   -3.7698  -39.5678  1.2201 
331.00   25.5234   36.1529    2.5768   -7.9190  -24.0247   31.7893    3.5685   -3.7579  -39.6148  1.2173 
332.00   25.4106   35.9876    2.5970   -7.8843  -23.9956   31.6547    3.5568   -3.7459  -39.6608  1.2145 
333.00   25.2978   35.8225    2.6172   -7.8496  -23.9658   31.5201    3.5449   -3.7338  -39.7057  1.2117 
334.00   25.1850   35.6577    2.6373   -7.8148  -23.9352   31.3855    3.5330   -3.7216  -39.7496  1.2089 
335.00   25.0723   35.4930    2.6573   -7.7799  -23.9037   31.2509    3.5211   -3.7094  -39.7924  1.2060 
336.00   24.9596   35.3285    2.6772   -7.7449  -23.8715   31.1163    3.5090   -3.6971  -39.8341  1.2031 
337.00   24.8470   35.1643    2.6970   -7.7098  -23.8385   30.9817    3.4970   -3.6847  -39.8747  1.2001 
338.00   24.7344   35.0003    2.7168   -7.6746  -23.8047   30.8472    3.4848   -3.6723  -39.9142  1.1971 
339.00   24.6219   34.8365    2.7364   -7.6394  -23.7700   30.7126    3.4726   -3.6598  -39.9526  1.1941 
340.00   24.5094   34.6729    2.7560   -7.6041  -23.7346   30.5781    3.4604   -3.6472  -39.9898  1.1911 
341.00   24.3970   34.5095    2.7755   -7.5687  -23.6984   30.4435    3.4481   -3.6346  -40.0259  1.1881 
342.00   24.2846   34.3464    2.7949   -7.5333  -23.6614   30.3090    3.4357   -3.6218  -40.0609  1.1850 
343.00   24.1723   34.1834    2.8142   -7.4978  -23.6236   30.1745    3.4233   -3.6091  -40.0947  1.1819 
344.00   24.0601   34.0207    2.8333   -7.4622  -23.5850   30.0401    3.4108   -3.5962  -40.1273  1.1788 
345.00   23.9479   33.8582    2.8525   -7.4265  -23.5456   29.9056    3.3983   -3.5833  -40.1588  1.1756 
346.00   23.8357   33.6960    2.8715   -7.3908  -23.5054   29.7713    3.3857   -3.5703  -40.1890  1.1724 
347.00   23.7237   33.5339    2.8904   -7.3551  -23.4644   29.6369    3.3731   -3.5573  -40.2181  1.1692 
348.00   23.6117   33.3721    2.9092   -7.3192  -23.4226   29.5026    3.3604   -3.5442  -40.2459  1.1660 
349.00   23.4998   33.2105    2.9279   -7.2833  -23.3800   29.3683    3.3477   -3.5310  -40.2726  1.1627 
350.00   23.3879   33.0492    2.9465   -7.2474  -23.3366   29.2341    3.3349   -3.5178  -40.2980  1.1594 
