# Tlab    np 1S0    np 3S1     np E1    np 1P1    np 3P1    np 3P0    np 3P2     np E2    np 1D2    np 3D2    np 3D1    np 3D3     np E1    np 1F3    np 3F3    np 3F2    np 3F4     np E2
  1.00   30.4665  -12.8186    0.0943   -0.1893   -0.1259    0.2864    0.0037   -0.0016    0.0013    0.0060   -0.0032    0.0000    0.0943   -0.0001   -0.0000    0.0000    0.0000   -0.0016
  2.00   37.7926  -18.0471    0.2433   -0.4865   -0.3305    0.7842    0.0118   -0.0079    0.0063    0.0302   -0.0167    0.0001    0.2433   -0.0007   -0.0003    0.0001    0.0000   -0.0079
  3.00   41.7298  -22.0024    0.4099   -0.8178   -0.5668    1.3975    0.0236   -0.0193    0.0153    0.0749   -0.0423    0.0001    0.4099   -0.0025   -0.0012    0.0004    0.0000   -0.0193
  4.00   44.2156  -25.2896    0.5813   -1.1590   -0.8184    2.0908    0.0388   -0.0357    0.0280    0.1394   -0.0800   -0.0001    0.5813   -0.0059   -0.0028    0.0011    0.0000   -0.0357
  5.00   45.9264  -28.1448    0.7516   -1.4990   -1.0769    2.8439    0.0570   -0.0563    0.0439    0.2219   -0.1293   -0.0007    0.7516   -0.0111   -0.0052    0.0020    0.0001   -0.0563
  6.00   47.1706  -30.6899    0.9173   -1.8319   -1.3378    3.6432    0.0778   -0.0806    0.0623    0.3207   -0.1895   -0.0017    0.9173   -0.0183   -0.0087    0.0034    0.0002   -0.0806
  7.00   48.1112  -32.9981    1.0769   -2.1547   -1.5980    4.4790    0.1010   -0.1081    0.0830    0.4339   -0.2595   -0.0031    1.0769   -0.0275   -0.0132    0.0053    0.0003   -0.1081
  8.00   48.8427  -35.1172    1.2294   -2.4660   -1.8560    5.3440    0.1262   -0.1384    0.1054    0.5599   -0.3386   -0.0049    1.2294   -0.0386   -0.0187    0.0075    0.0005   -0.1384
  9.00   49.4241  -37.0809    1.3744   -2.7652   -2.1106    6.2323    0.1532   -0.1710    0.1292    0.6971   -0.4259   -0.0072    1.3744   -0.0516   -0.0252    0.0102    0.0008   -0.1710
 10.00   49.8940  -38.9138    1.5119   -3.0523   -2.3611    7.1392    0.1818   -0.2055    0.1541    0.8442   -0.5205   -0.0099    1.5119   -0.0663   -0.0326    0.0134    0.0011   -0.2055
 11.00   50.2791  -40.6347    1.6420   -3.3273   -2.6073    8.0607    0.2119   -0.2416    0.1799    1.0000   -0.6219   -0.0130    1.6420   -0.0827   -0.0410    0.0170    0.0015   -0.2416
 12.00   50.5979  -42.2583    1.7649   -3.5908   -2.8488    8.9933    0.2432   -0.2790    0.2064    1.1635   -0.7292   -0.0166    1.7649   -0.1006   -0.0503    0.0210    0.0019   -0.2790
 13.00   50.8641  -43.7961    1.8809   -3.8432   -3.0856    9.9341    0.2755   -0.3176    0.2334    1.3337   -0.8420   -0.0204    1.8809   -0.1199   -0.0604    0.0253    0.0025   -0.3176
 14.00   51.0879  -45.2579    1.9903   -4.0850   -3.3178   10.8804    0.3088   -0.3571    0.2607    1.5098   -0.9596   -0.0247    1.9903   -0.1405   -0.0714    0.0301    0.0031   -0.3571
 15.00   51.2768  -46.6516    2.0934   -4.3166   -3.5453   11.8299    0.3430   -0.3973    0.2882    1.6911   -1.0817   -0.0293    2.0934   -0.1623   -0.0830    0.0352    0.0038   -0.3973
 16.00   51.4369  -47.9838    2.1906   -4.5387   -3.7683   12.7804    0.3779   -0.4382    0.3158    1.8769   -1.2077   -0.0341    2.1906   -0.1850   -0.0954    0.0407    0.0046   -0.4382
 17.00   51.5728  -49.2601    2.2821   -4.7518   -3.9868   13.7300    0.4134   -0.4794    0.3434    2.0667   -1.3373   -0.0393    2.2821   -0.2088   -0.1084    0.0464    0.0055   -0.4794
 18.00   51.6883  -50.4856    2.3683   -4.9563   -4.2011   14.6769    0.4495   -0.5211    0.3710    2.2600   -1.4701   -0.0447    2.3683   -0.2333   -0.1219    0.0525    0.0064   -0.5211
 19.00   51.7862  -51.6643    2.4494   -5.1526   -4.4112   15.6197    0.4860   -0.5630    0.3984    2.4562   -1.6058   -0.0503    2.4494   -0.2586   -0.1361    0.0589    0.0074   -0.5630
 20.00   51.8692  -52.8000    2.5259   -5.3413   -4.6172   16.5567    0.5230   -0.6051    0.4257    2.6550   -1.7441   -0.0562    2.5259   -0.2846   -0.1508    0.0655    0.0085   -0.6051
 21.00   51.9390  -53.8959    2.5978   -5.5228   -4.8194   17.4867    0.5603   -0.6473    0.4528    2.8561   -1.8847   -0.0623    2.5978   -0.3112   -0.1659    0.0723    0.0097   -0.6473
 22.00   51.9975  -54.9548    2.6655   -5.6974   -5.0179   18.4084    0.5978   -0.6896    0.4796    3.0591   -2.0275   -0.0685    2.6655   -0.3382   -0.1815    0.0794    0.0110   -0.6896
 23.00   52.0459  -55.9794    2.7292   -5.8655   -5.2128   19.3208    0.6356   -0.7318    0.5062    3.2638   -2.1721   -0.0749    2.7292   -0.3657   -0.1975    0.0867    0.0123   -0.7318
 24.00   52.0855  -56.9719    2.7891   -6.0274   -5.4041   20.2229    0.6736   -0.7740    0.5324    3.4698   -2.3185   -0.0815    2.7891   -0.3936   -0.2138    0.0942    0.0138   -0.7740
 25.00   52.1173  -57.9343    2.8455   -6.1835   -5.5922   21.1137    0.7118   -0.8161    0.5584    3.6769   -2.4664   -0.0882    2.8455   -0.4218   -0.2305    0.1019    0.0153   -0.8161
 26.00   52.1420  -58.8686    2.8984   -6.3340   -5.7770   21.9924    0.7500   -0.8580    0.5840    3.8850   -2.6157   -0.0950    2.8984   -0.4503   -0.2476    0.1097    0.0168   -0.8580
 27.00   52.1604  -59.7764    2.9482   -6.4793   -5.9588   22.8584    0.7884   -0.8999    0.6093    4.0938   -2.7662   -0.1019    2.9482   -0.4790   -0.2649    0.1177    0.0185   -0.8999
 28.00   52.1732  -60.6592    2.9949   -6.6195   -6.1375   23.7109    0.8268   -0.9415    0.6342    4.3031   -2.9178   -0.1090    2.9949   -0.5080   -0.2825    0.1259    0.0202   -0.9415
 29.00   52.1808  -61.5185    3.0388   -6.7550   -6.3134   24.5495    0.8651   -0.9829    0.6587    4.5129   -3.0704   -0.1161    3.0388   -0.5370   -0.3003    0.1342    0.0220   -0.9829
 30.00   52.1838  -62.3554    3.0799   -6.8860   -6.4865   25.3736    0.9035   -1.0241    0.6829    4.7229   -3.2239   -0.1234    3.0799   -0.5662   -0.3184    0.1426    0.0238   -1.0241
 31.00   52.1826  -63.1713    3.1184   -7.0126   -6.6570   26.1828    0.9419   -1.0650    0.7068    4.9330   -3.3782   -0.1307    3.1184   -0.5955   -0.3366    0.1511    0.0258   -1.0650
 32.00   52.1774  -63.9671    3.1545   -7.1351   -6.8248   26.9768    0.9802   -1.1057    0.7303    5.1431   -3.5331   -0.1381    3.1545   -0.6248   -0.3551    0.1598    0.0277   -1.1057
 33.00   52.1687  -64.7439    3.1882   -7.2537   -6.9902   27.7553    1.0184   -1.1462    0.7533    5.3530   -3.6887   -0.1456    3.1882   -0.6541   -0.3737    0.1685    0.0298   -1.1462
 34.00   52.1568  -65.5026    3.2197   -7.3686   -7.1532   28.5180    1.0565   -1.1863    0.7761    5.5628   -3.8447   -0.1532    3.2197   -0.6834   -0.3925    0.1773    0.0319   -1.1863
 35.00   52.1418  -66.2441    3.2491   -7.4798   -7.3139   29.2648    1.0946   -1.2262    0.7984    5.7722   -4.0013   -0.1608    3.2491   -0.7127   -0.4114    0.1862    0.0341   -1.2262
 36.00   52.1240  -66.9691    3.2764   -7.5876   -7.4724   29.9955    1.1325   -1.2657    0.8205    5.9813   -4.1582   -0.1685    3.2764   -0.7420   -0.4304    0.1951    0.0363   -1.2657
 37.00   52.1037  -67.6784    3.3018   -7.6922   -7.6286   30.7102    1.1702   -1.3050    0.8421    6.1898   -4.3155   -0.1763    3.3018   -0.7712   -0.4496    0.2042    0.0386   -1.3050
 38.00   52.0809  -68.3728    3.3254   -7.7936   -7.7828   31.4086    1.2078   -1.3439    0.8634    6.3979   -4.4730   -0.1841    3.3254   -0.8003   -0.4688    0.2133    0.0409   -1.3439
 39.00   52.0559  -69.0527    3.3473   -7.8920   -7.9350   32.0909    1.2453   -1.3825    0.8843    6.6053   -4.6308   -0.1920    3.3473   -0.8294   -0.4882    0.2224    0.0433   -1.3825
 40.00   52.0288  -69.7189    3.3674   -7.9874   -8.0853   32.7571    1.2826   -1.4209    0.9049    6.8120   -4.7888   -0.2000    3.3674   -0.8583   -0.5076    0.2316    0.0457   -1.4209
 41.00   51.9997  -70.3720    3.3859   -8.0802   -8.2336   33.4072    1.3197   -1.4589    0.9251    7.0180   -4.9470   -0.2079    3.3859   -0.8871   -0.5271    0.2408    0.0482   -1.4589
 42.00   51.9687  -71.0123    3.4030   -8.1702   -8.3801   34.0413    1.3566   -1.4965    0.9450    7.2232   -5.1053   -0.2160    3.4030   -0.9158   -0.5466    0.2501    0.0507   -1.4965
 43.00   51.9361  -71.6406    3.4185   -8.2577   -8.5248   34.6597    1.3933   -1.5339    0.9646    7.4275   -5.2636   -0.2241    3.4185   -0.9443   -0.5662    0.2594    0.0533   -1.5339
 44.00   51.9017  -72.2572    3.4326   -8.3428   -8.6678   35.2623    1.4298   -1.5709    0.9838    7.6310   -5.4220   -0.2322    3.4326   -0.9727   -0.5859    0.2687    0.0559   -1.5709
 45.00   51.8659  -72.8625    3.4454   -8.4254   -8.8092   35.8494    1.4661   -1.6076    1.0027    7.8336   -5.5804   -0.2404    3.4454   -1.0009   -0.6055    0.2780    0.0586   -1.6076
 46.00   51.8285  -73.4571    3.4569   -8.5058   -8.9489   36.4212    1.5022   -1.6440    1.0213    8.0351   -5.7388   -0.2487    3.4569   -1.0290   -0.6252    0.2874    0.0613   -1.6440
 47.00   51.7898  -74.0412    3.4671   -8.5840   -9.0870   36.9779    1.5381   -1.6801    1.0395    8.2357   -5.8972   -0.2570    3.4671   -1.0568   -0.6450    0.2968    0.0641   -1.6801
 48.00   51.7497  -74.6153    3.4762   -8.6601   -9.2237   37.5197    1.5738   -1.7158    1.0575    8.4353   -6.0555   -0.2654    3.4762   -1.0845   -0.6647    0.3061    0.0668   -1.7158
 49.00   51.7084  -75.1798    3.4841   -8.7342   -9.3588   38.0468    1.6092   -1.7513    1.0751    8.6337   -6.2138   -0.2738    3.4841   -1.1121   -0.6845    0.3155    0.0697   -1.7513
 50.00   51.6659  -75.7349    3.4909   -8.8063   -9.4925   38.5595    1.6444   -1.7864    1.0925    8.8311   -6.3720   -0.2822    3.4909   -1.1394   -0.7042    0.3249    0.0725   -1.7864
 51.00   51.6222  -76.2810    3.4967   -8.8764   -9.6248   39.0580    1.6793   -1.8212    1.1095    9.0273   -6.5300   -0.2907    3.4967   -1.1665   -0.7240    0.3343    0.0754   -1.8212
 52.00   51.5775  -76.8185    3.5014   -8.9448   -9.7557   39.5425    1.7140   -1.8556    1.1263    9.2224   -6.6880   -0.2993    3.5014   -1.1935   -0.7437    0.3437    0.0784   -1.8556
 53.00   51.5317  -77.3475    3.5052   -9.0114   -9.8853   40.0134    1.7484   -1.8898    1.1428    9.4163   -6.8458   -0.3079    3.5052   -1.2202   -0.7634    0.3531    0.0813   -1.8898
 54.00   51.4849  -77.8684    3.5080   -9.0763  -10.0136   40.4709    1.7827   -1.9236    1.1590    9.6091   -7.0034   -0.3166    3.5080   -1.2467   -0.7831    0.3625    0.0843   -1.9236
 55.00   51.4371  -78.3814    3.5099   -9.1395  -10.1407   40.9153    1.8166   -1.9572    1.1749    9.8006   -7.1609   -0.3253    3.5099   -1.2731   -0.8028    0.3718    0.0874   -1.9572
 56.00   51.3884  -78.8868    3.5110   -9.2011  -10.2665   41.3468    1.8503   -1.9904    1.1906    9.9908   -7.3182   -0.3341    3.5110   -1.2992   -0.8225    0.3812    0.0904   -1.9904
 57.00   51.3388  -79.3848    3.5112   -9.2612  -10.3912   41.7657    1.8838   -2.0233    1.2060   10.1798   -7.4753   -0.3429    3.5112   -1.3251   -0.8422    0.3905    0.0935   -2.0233
 58.00   51.2884  -79.8757    3.5106   -9.3197  -10.5147   42.1723    1.9170   -2.0559    1.2211   10.3675   -7.6322   -0.3518    3.5106   -1.3508   -0.8618    0.3999    0.0966   -2.0559
 59.00   51.2371  -80.3596    3.5092   -9.3768  -10.6370   42.5669    1.9499   -2.0882    1.2360   10.5540   -7.7890   -0.3608    3.5092   -1.3763   -0.8814    0.4092    0.0998   -2.0882
 60.00   51.1850  -80.8368    3.5070   -9.4325  -10.7582   42.9497    1.9826   -2.1202    1.2506   10.7391   -7.9455   -0.3698    3.5070   -1.4015   -0.9009    0.4185    0.1029   -2.1202
 61.00   51.1322  -81.3076    3.5041   -9.4869  -10.8784   43.3210    2.0150   -2.1519    1.2650   10.9229   -8.1018   -0.3788    3.5041   -1.4266   -0.9205    0.4277    0.1061   -2.1519
 62.00   51.0786  -81.7719    3.5005   -9.5399  -10.9975   43.6810    2.0472   -2.1834    1.2791   11.1053   -8.2579   -0.3880    3.5005   -1.4514   -0.9399    0.4370    0.1094   -2.1834
 63.00   51.0242  -82.2302    3.4962   -9.5916  -11.1156   44.0300    2.0791   -2.2145    1.2930   11.2865   -8.4137   -0.3971    3.4962   -1.4760   -0.9594    0.4462    0.1126   -2.2145
 64.00   50.9692  -82.6825    3.4913   -9.6421  -11.2327   44.3684    2.1107   -2.2453    1.3067   11.4662   -8.5693   -0.4064    3.4913   -1.5004   -0.9787    0.4554    0.1159   -2.2453
 65.00   50.9135  -83.1289    3.4857   -9.6913  -11.3488   44.6962    2.1421   -2.2759    1.3201   11.6446   -8.7247   -0.4157    3.4857   -1.5246   -0.9981    0.4645    0.1191   -2.2759
 66.00   50.8571  -83.5698    3.4796   -9.7394  -11.4639   45.0139    2.1732   -2.3061    1.3333   11.8216   -8.8798   -0.4251    3.4796   -1.5486   -1.0174    0.4736    0.1224   -2.3061
 67.00   50.8000  -84.0051    3.4728   -9.7864  -11.5781   45.3216    2.2041   -2.3361    1.3463   11.9973   -9.0347   -0.4345    3.4728   -1.5723   -1.0366    0.4827    0.1258   -2.3361
 68.00   50.7424  -84.4352    3.4654   -9.8322  -11.6914   45.6195    2.2347   -2.3658    1.3591   12.1715   -9.1893   -0.4440    3.4654   -1.5959   -1.0558    0.4918    0.1291   -2.3658
 69.00   50.6841  -84.8600    3.4575   -9.8769  -11.8037   45.9080    2.2650   -2.3952    1.3717   12.3443   -9.3437   -0.4536    3.4575   -1.6192   -1.0749    0.5008    0.1325   -2.3952
 70.00   50.6252  -85.2799    3.4490   -9.9206  -11.9152   46.1872    2.2951   -2.4243    1.3840   12.5157   -9.4978   -0.4632    3.4490   -1.6423   -1.0940    0.5098    0.1358   -2.4243
 71.00   50.5657  -85.6948    3.4401   -9.9633  -12.0259   46.4574    2.3249   -2.4532    1.3961   12.6857   -9.6517   -0.4729    3.4401   -1.6652   -1.1130    0.5188    0.1392   -2.4532
 72.00   50.5057  -86.1049    3.4306  -10.0049  -12.1357   46.7188    2.3545   -2.4818    1.4081   12.8543   -9.8053   -0.4827    3.4306   -1.6878   -1.1319    0.5277    0.1426   -2.4818
 73.00   50.4451  -86.5104    3.4206  -10.0456  -12.2446   46.9716    2.3838   -2.5101    1.4198   13.0214   -9.9586   -0.4925    3.4206   -1.7103   -1.1508    0.5366    0.1461   -2.5101
 74.00   50.3839  -86.9113    3.4101  -10.0853  -12.3528   47.2161    2.4128   -2.5381    1.4314   13.1871  -10.1117   -0.5024    3.4101   -1.7325   -1.1697    0.5455    0.1495   -2.5381
 75.00   50.3222  -87.3078    3.3992  -10.1242  -12.4602   47.4524    2.4415   -2.5659    1.4427   13.3514  -10.2645   -0.5124    3.3992   -1.7546   -1.1884    0.5543    0.1529   -2.5659
 76.00   50.2600  -87.7000    3.3878  -10.1621  -12.5668   47.6807    2.4701   -2.5934    1.4539   13.5142  -10.4171   -0.5224    3.3878   -1.7764   -1.2071    0.5631    0.1564   -2.5934
 77.00   50.1972  -88.0880    3.3760  -10.1991  -12.6726   47.9013    2.4983   -2.6207    1.4649   13.6756  -10.5694   -0.5325    3.3760   -1.7980   -1.2257    0.5718    0.1599   -2.6207
 78.00   50.1340  -88.4719    3.3638  -10.2353  -12.7777   48.1144    2.5263   -2.6477    1.4757   13.8355  -10.7214   -0.5427    3.3638   -1.8194   -1.2443    0.5805    0.1634   -2.6477
 79.00   50.0702  -88.8518    3.3511  -10.2706  -12.8821   48.3200    2.5540   -2.6744    1.4863   13.9939  -10.8731   -0.5529    3.3511   -1.8406   -1.2628    0.5891    0.1668   -2.6744
 80.00   50.0060  -89.2278    3.3381  -10.3051  -12.9857   48.5185    2.5815   -2.7009    1.4967   14.1509  -11.0246   -0.5632    3.3381   -1.8616   -1.2812    0.5977    0.1704   -2.7009
 81.00   49.9413  -89.6000    3.3247  -10.3388  -13.0886   48.7100    2.6087   -2.7271    1.5070   14.3064  -11.1759   -0.5736    3.3247   -1.8823   -1.2996    0.6063    0.1739   -2.7271
 82.00   49.8761  -89.9684    3.3109  -10.3717  -13.1909   48.8947    2.6357   -2.7531    1.5170   14.4605  -11.3268   -0.5841    3.3109   -1.9029   -1.3179    0.6148    0.1774   -2.7531
 83.00   49.8104   89.6667   -3.2967  -10.4039  -13.2924   49.0726    2.6624   -2.7789    1.5270   14.6131  -11.4775   -0.5946   -3.2967   -1.9233   -1.3361    0.6233    0.1809   -2.7789
 84.00   49.7443   89.3054   -3.2822  -10.4353  -13.3933   49.2442    2.6888   -2.8044    1.5367   14.7642  -11.6279   -0.6052   -3.2822   -1.9434   -1.3542    0.6317    0.1844   -2.8044
 85.00   49.6777   88.9476   -3.2673  -10.4660  -13.4935   49.4093    2.7150   -2.8296    1.5463   14.9139  -11.7781   -0.6159   -3.2673   -1.9634   -1.3723    0.6401    0.1880   -2.8296
 86.00   49.6107   88.5931   -3.2521  -10.4960  -13.5931   49.5683    2.7410   -2.8546    1.5557   15.0621  -11.9280   -0.6267   -3.2521   -1.9832   -1.3903    0.6485    0.1915   -2.8546
 87.00   49.5433   88.2420   -3.2366  -10.5253  -13.6921   49.7213    2.7667   -2.8794    1.5650   15.2088  -12.0776   -0.6375   -3.2366   -2.0027   -1.4082    0.6568    0.1951   -2.8794
 88.00   49.4754   87.8941   -3.2208  -10.5538  -13.7904   49.8684    2.7921   -2.9039    1.5741   15.3540  -12.2269   -0.6484   -3.2208   -2.0221   -1.4261    0.6650    0.1986   -2.9039
 89.00   49.4071   87.5493   -3.2046  -10.5818  -13.8881   50.0098    2.8173   -2.9282    1.5831   15.4978  -12.3760   -0.6594   -3.2046   -2.0413   -1.4439    0.6732    0.2022   -2.9282
 90.00   49.3384   87.2077   -3.1882  -10.6090  -13.9852   50.1455    2.8422   -2.9522    1.5919   15.6401  -12.5249   -0.6704   -3.1882   -2.0602   -1.4616    0.6814    0.2058   -2.9522
 91.00   49.2693   86.8690   -3.1714  -10.6356  -14.0817   50.2759    2.8669   -2.9760    1.6005   15.7809  -12.6735   -0.6815   -3.1714   -2.0790   -1.4792    0.6895    0.2093   -2.9760
 92.00   49.1997   86.5333   -3.1544  -10.6616  -14.1776   50.4009    2.8914   -2.9996    1.6090   15.9203  -12.8218   -0.6927   -3.1544   -2.0976   -1.4967    0.6975    0.2129   -2.9996
 93.00   49.1298   86.2005   -3.1371  -10.6870  -14.2729   50.5207    2.9156   -3.0230    1.6174   16.0582  -12.9698   -0.7040   -3.1371   -2.1160   -1.5142    0.7056    0.2165   -3.0230
 94.00   49.0594   85.8706   -3.1196  -10.7118  -14.3677   50.6355    2.9395   -3.0461    1.6256   16.1946  -13.1176   -0.7153   -3.1196   -2.1342   -1.5316    0.7135    0.2201   -3.0461
 95.00   48.9887   85.5433   -3.1017  -10.7359  -14.4619   50.7453    2.9632   -3.0690    1.6337   16.3295  -13.2651   -0.7268   -3.1017   -2.1522   -1.5489    0.7214    0.2236   -3.0690
 96.00   48.9175   85.2188   -3.0837  -10.7595  -14.5555   50.8503    2.9867   -3.0916    1.6417   16.4630  -13.4124   -0.7383   -3.0837   -2.1700   -1.5661    0.7293    0.2272   -3.0916
 97.00   48.8460   84.8970   -3.0653  -10.7825  -14.6486   50.9505    3.0099   -3.1141    1.6495   16.5950  -13.5594   -0.7498   -3.0653   -2.1877   -1.5833    0.7371    0.2308   -3.1141
 98.00   48.7741   84.5777   -3.0468  -10.8050  -14.7412   51.0462    3.0329   -3.1363    1.6571   16.7255  -13.7062   -0.7615   -3.0468   -2.2051   -1.6003    0.7449    0.2344   -3.1363
 99.00   48.7018   84.2610   -3.0280  -10.8269  -14.8332   51.1374    3.0556   -3.1583    1.6647   16.8546  -13.8527   -0.7732   -3.0280   -2.2224   -1.6173    0.7526    0.2379   -3.1583
100.00   48.6291   83.9468   -3.0089  -10.8482  -14.9247   51.2242    3.0781   -3.1801    1.6721   16.9822  -13.9990   -0.7850   -3.0089   -2.2395   -1.6342    0.7603    0.2415   -3.1801
101.00   48.5561   83.6350   -2.9897  -10.8691  -15.0157   51.3068    3.1004   -3.2016    1.6793   17.1084  -14.1450   -0.7968   -2.9897   -2.2564   -1.6511    0.7679    0.2451   -3.2016
102.00   48.4827   83.3256   -2.9702  -10.8894  -15.1062   51.3851    3.1224   -3.2230    1.6865   17.2330  -14.2908   -0.8087   -2.9702   -2.2731   -1.6678    0.7755    0.2487   -3.2230
103.00   48.4089   83.0185   -2.9506  -10.9091  -15.1962   51.4594    3.1442   -3.2441    1.6935   17.3563  -14.4363   -0.8207   -2.9506   -2.2896   -1.6845    0.7830    0.2522   -3.2441
104.00   48.3347   82.7137   -2.9307  -10.9284  -15.2856   51.5297    3.1658   -3.2650    1.7004   17.4781  -14.5815   -0.8328   -2.9307   -2.3060   -1.7011    0.7905    0.2558   -3.2650
105.00   48.2602   82.4112   -2.9106  -10.9472  -15.3746   51.5960    3.1871   -3.2857    1.7071   17.5984  -14.7265   -0.8450   -2.9106   -2.3222   -1.7176    0.7979    0.2594   -3.2857
106.00   48.1854   82.1109   -2.8903  -10.9655  -15.4631   51.6586    3.2082   -3.3062    1.7138   17.7173  -14.8713   -0.8572   -2.8903   -2.3382   -1.7340    0.8053    0.2629   -3.3062
107.00   48.1102   81.8127   -2.8699  -10.9833  -15.5511   51.7175    3.2290   -3.3265    1.7203   17.8347  -15.0158   -0.8695   -2.8699   -2.3540   -1.7503    0.8126    0.2665   -3.3265
108.00   48.0346   81.5166   -2.8492  -11.0006  -15.6387   51.7727    3.2497   -3.3465    1.7267   17.9507  -15.1601   -0.8818   -2.8492   -2.3697   -1.7666    0.8198    0.2700   -3.3465
109.00   47.9587   81.2227   -2.8284  -11.0175  -15.7257   51.8243    3.2701   -3.3664    1.7330   18.0653  -15.3042   -0.8943   -2.8284   -2.3852   -1.7828    0.8270    0.2736   -3.3664
110.00   47.8825   80.9307   -2.8074  -11.0339  -15.8123   51.8725    3.2902   -3.3860    1.7392   18.1784  -15.4480   -0.9068   -2.8074   -2.4005   -1.7989    0.8342    0.2771   -3.3860
111.00   47.8059   80.6407   -2.7863  -11.0499  -15.8985   51.9173    3.3102   -3.4055    1.7452   18.2902  -15.5915   -0.9193   -2.7863   -2.4156   -1.8149    0.8413    0.2807   -3.4055
112.00   47.7290   80.3527   -2.7649  -11.0654  -15.9841   51.9587    3.3299   -3.4247    1.7512   18.4004  -15.7348   -0.9320   -2.7649   -2.4306   -1.8308    0.8484    0.2842   -3.4247
113.00   47.6517   80.0666   -2.7434  -11.0804  -16.0694   51.9970    3.3494   -3.4438    1.7570   18.5093  -15.8779   -0.9447   -2.7434   -2.4454   -1.8466    0.8554    0.2877   -3.4438
114.00   47.5741   79.7824   -2.7218  -11.0951  -16.1542   52.0320    3.3686   -3.4626    1.7627   18.6167  -16.0208   -0.9574   -2.7218   -2.4600   -1.8624    0.8623    0.2912   -3.4626
115.00   47.4962   79.5000   -2.7000  -11.1093  -16.2385   52.0639    3.3876   -3.4812    1.7683   18.7227  -16.1634   -0.9703   -2.7000   -2.4745   -1.8780    0.8692    0.2948   -3.4812
116.00   47.4179   79.2195   -2.6780  -11.1231  -16.3224   52.0928    3.4065   -3.4997    1.7738   18.8273  -16.3057   -0.9832   -2.6780   -2.4888   -1.8936    0.8761    0.2983   -3.4997
117.00   47.3393   78.9407   -2.6559  -11.1364  -16.4058   52.1187    3.4250   -3.5179    1.7792   18.9305  -16.4479   -0.9961   -2.6559   -2.5029   -1.9091    0.8829    0.3018   -3.5179
118.00   47.2604   78.6637   -2.6337  -11.1494  -16.4889   52.1416    3.4434   -3.5359    1.7845   19.0323  -16.5898   -1.0092   -2.6337   -2.5169   -1.9245    0.8896    0.3053   -3.5359
119.00   47.1812   78.3883   -2.6113  -11.1619  -16.5715   52.1618    3.4616   -3.5537    1.7897   19.1327  -16.7315   -1.0223   -2.6113   -2.5307   -1.9399    0.8963    0.3087   -3.5537
120.00   47.1016   78.1147   -2.5888  -11.1741  -16.6537   52.1791    3.4795   -3.5714    1.7948   19.2317  -16.8729   -1.0354   -2.5888   -2.5443   -1.9551    0.9030    0.3122   -3.5714
121.00   47.0217   77.8427   -2.5662  -11.1858  -16.7354   52.1937    3.4972   -3.5888    1.7997   19.3294  -17.0141   -1.0487   -2.5662   -2.5578   -1.9703    0.9096    0.3157   -3.5888
122.00   46.9415   77.5723   -2.5434  -11.1972  -16.8167   52.2057    3.5147   -3.6061    1.8046   19.4256  -17.1551   -1.0620   -2.5434   -2.5711   -1.9853    0.9161    0.3191   -3.6061
123.00   46.8610   77.3035   -2.5205  -11.2082  -16.8977   52.2150    3.5320   -3.6231    1.8094   19.5204  -17.2958   -1.0753   -2.5205   -2.5843   -2.0003    0.9226    0.3226   -3.6231
124.00   46.7802   77.0363   -2.4975  -11.2188  -16.9782   52.2217    3.5490   -3.6400    1.8141   19.6139  -17.4364   -1.0887   -2.4975   -2.5973   -2.0152    0.9290    0.3260   -3.6400
125.00   46.6990   76.7706   -2.4744  -11.2290  -17.0583   52.2259    3.5659   -3.6567    1.8186   19.7060  -17.5767   -1.1022   -2.4744   -2.6102   -2.0300    0.9354    0.3295   -3.6567
126.00   46.6176   76.5064   -2.4511  -11.2389  -17.1380   52.2277    3.5825   -3.6731    1.8231   19.7968  -17.7167   -1.1157   -2.4511   -2.6229   -2.0447    0.9418    0.3329   -3.6731
127.00   46.5358   76.2436   -2.4278  -11.2483  -17.2173   52.2271    3.5989   -3.6894    1.8275   19.8861  -17.8566   -1.1293   -2.4278   -2.6354   -2.0594    0.9480    0.3363   -3.6894
128.00   46.4538   75.9824   -2.4043  -11.2575  -17.2961   52.2241    3.6151   -3.7055    1.8318   19.9742  -17.9962   -1.1429   -2.4043   -2.6478   -2.0739    0.9543    0.3397   -3.7055
129.00   46.3714   75.7225   -2.3808  -11.2662  -17.3746   52.2188    3.6311   -3.7214    1.8360   20.0608  -18.1356   -1.1566   -2.3808   -2.6600   -2.0884    0.9604    0.3431   -3.7214
130.00   46.2887   75.4641   -2.3571  -11.2746  -17.4527   52.2112    3.6469   -3.7371    1.8401   20.1462  -18.2748   -1.1704   -2.3571   -2.6721   -2.1027    0.9666    0.3464   -3.7371
131.00   46.2057   75.2070   -2.3333  -11.2827  -17.5304   52.2014    3.6625   -3.7527    1.8441   20.2302  -18.4137   -1.1842   -2.3333   -2.6840   -2.1170    0.9726    0.3498   -3.7527
132.00   46.1225   74.9513   -2.3095  -11.2904  -17.6077   52.1894    3.6779   -3.7680    1.8480   20.3128  -18.5524   -1.1981   -2.3095   -2.6958   -2.1312    0.9786    0.3532   -3.7680
133.00   46.0389   74.6969   -2.2855  -11.2977  -17.6846   52.1753    3.6930   -3.7832    1.8518   20.3942  -18.6909   -1.2120   -2.2855   -2.7074   -2.1453    0.9846    0.3565   -3.7832
134.00   45.9550   74.4438   -2.2615  -11.3048  -17.7612   52.1590    3.7080   -3.7981    1.8556   20.4742  -18.8292   -1.2260   -2.2615   -2.7189   -2.1593    0.9905    0.3598   -3.7981
135.00   45.8709   74.1920   -2.2373  -11.3114  -17.8373   52.1408    3.7227   -3.8129    1.8592   20.5528  -18.9673   -1.2400   -2.2373   -2.7302   -2.1733    0.9964    0.3631   -3.8129
136.00   45.7864   73.9415   -2.2131  -11.3178  -17.9130   52.1205    3.7373   -3.8275    1.8628   20.6302  -19.1051   -1.2540   -2.2131   -2.7413   -2.1871    1.0022    0.3664   -3.8275
137.00   45.7017   73.6922   -2.1888  -11.3238  -17.9884   52.0982    3.7516   -3.8420    1.8662   20.7063  -19.2427   -1.2682   -2.1888   -2.7524   -2.2009    1.0079    0.3697   -3.8420
138.00   45.6166   73.4441   -2.1644  -11.3295  -18.0634   52.0740    3.7658   -3.8562    1.8696   20.7811  -19.3801   -1.2823   -2.1644   -2.7632   -2.2145    1.0136    0.3730   -3.8562
139.00   45.5313   73.1972   -2.1399  -11.3348  -18.1380   52.0479    3.7797   -3.8703    1.8729   20.8545  -19.5173   -1.2965   -2.1399   -2.7740   -2.2281    1.0193    0.3763   -3.8703
140.00   45.4457   72.9515   -2.1154  -11.3399  -18.2122   52.0199    3.7934   -3.8841    1.8761   20.9267  -19.6543   -1.3108   -2.1154   -2.7846   -2.2416    1.0249    0.3795   -3.8841
141.00   45.3598   72.7069   -2.0908  -11.3446  -18.2861   51.9901    3.8070   -3.8978    1.8792   20.9976  -19.7910   -1.3251   -2.0908   -2.7950   -2.2550    1.0304    0.3828   -3.8978
142.00   45.2736   72.4635   -2.0661  -11.3490  -18.3595   51.9585    3.8203   -3.9113    1.8823   21.0672  -19.9275   -1.3395   -2.0661   -2.8053   -2.2682    1.0359    0.3860   -3.9113
143.00   45.1871   72.2212   -2.0413  -11.3531  -18.4326   51.9251    3.8334   -3.9247    1.8852   21.1356  -20.0638   -1.3539   -2.0413   -2.8154   -2.2815    1.0413    0.3892   -3.9247
144.00   45.1004   71.9800   -2.0165  -11.3568  -18.5053   51.8900    3.8464   -3.9378    1.8881   21.2027  -20.1999   -1.3683   -2.0165   -2.8255   -2.2946    1.0467    0.3924   -3.9378
145.00   45.0134   71.7399   -1.9916  -11.3603  -18.5777   51.8532    3.8591   -3.9508    1.8909   21.2685  -20.3358   -1.3828   -1.9916   -2.8353   -2.3076    1.0521    0.3956   -3.9508
146.00   44.9261   71.5008   -1.9666  -11.3634  -18.6497   51.8148    3.8717   -3.9636    1.8936   21.3331  -20.4714   -1.3973   -1.9666   -2.8450   -2.3205    1.0573    0.3987   -3.9636
147.00   44.8385   71.2628   -1.9416  -11.3663  -18.7213   51.7747    3.8840   -3.9762    1.8962   21.3964  -20.6068   -1.4118   -1.9416   -2.8546   -2.3334    1.0626    0.4019   -3.9762
148.00   44.7506   71.0258   -1.9165  -11.3688  -18.7925   51.7330    3.8962   -3.9887    1.8988   21.4585  -20.7420   -1.4264   -1.9165   -2.8641   -2.3461    1.0677    0.4050   -3.9887
149.00   44.6625   70.7898   -1.8914  -11.3711  -18.8633   51.6897    3.9081   -4.0010    1.9012   21.5193  -20.8770   -1.4410   -1.8914   -2.8734   -2.3588    1.0729    0.4081   -4.0010
150.00   44.5741   70.5549   -1.8662  -11.3730  -18.9338   51.6448    3.9199   -4.0131    1.9036   21.5789  -21.0118   -1.4557   -1.8662   -2.8825   -2.3713    1.0779    0.4112   -4.0131
151.00   44.4854   70.3209   -1.8410  -11.3747  -19.0039   51.5985    3.9315   -4.0250    1.9059   21.6373  -21.1463   -1.4704   -1.8410   -2.8916   -2.3838    1.0830    0.4143   -4.0250
152.00   44.3965   70.0878   -1.8156  -11.3760  -19.0737   51.5506    3.9429   -4.0367    1.9082   21.6945  -21.2806   -1.4851   -1.8156   -2.9004   -2.3962    1.0879    0.4174   -4.0367
153.00   44.3072   69.8557   -1.7903  -11.3771  -19.1431   51.5013    3.9541   -4.0483    1.9103   21.7505  -21.4148   -1.4999   -1.7903   -2.9092   -2.4085    1.0928    0.4204   -4.0483
154.00   44.2178   69.6246   -1.7649  -11.3779  -19.2121   51.4505    3.9651   -4.0597    1.9124   21.8052  -21.5486   -1.5147   -1.7649   -2.9178   -2.4207    1.0977    0.4234   -4.0597
155.00   44.1280   69.3944   -1.7394  -11.3784  -19.2807   51.3983    3.9759   -4.0709    1.9144   21.8588  -21.6823   -1.5295   -1.7394   -2.9263   -2.4328    1.1025    0.4265   -4.0709
156.00   44.0380   69.1650   -1.7140  -11.3786  -19.3490   51.3447    3.9865   -4.0820    1.9163   21.9112  -21.8157   -1.5443   -1.7140   -2.9346   -2.4448    1.1073    0.4295   -4.0820
157.00   43.9477   68.9366   -1.6884  -11.3785  -19.4169   51.2897    3.9969   -4.0929    1.9182   21.9623  -21.9490   -1.5592   -1.6884   -2.9428   -2.4567    1.1120    0.4324   -4.0929
158.00   43.8572   68.7090   -1.6628  -11.3781  -19.4844   51.2334    4.0072   -4.1036    1.9200   22.0124  -22.0820   -1.5741   -1.6628   -2.9509   -2.4685    1.1166    0.4354   -4.1036
159.00   43.7664   68.4823   -1.6372  -11.3775  -19.5516   51.1758    4.0173   -4.1141    1.9217   22.0612  -22.2147   -1.5890   -1.6372   -2.9588   -2.4803    1.1212    0.4384   -4.1141
160.00   43.6753   68.2564   -1.6116  -11.3765  -19.6184   51.1168    4.0271   -4.1245    1.9233   22.1088  -22.3473   -1.6040   -1.6116   -2.9666   -2.4919    1.1258    0.4413   -4.1245
161.00   43.5840   68.0314   -1.5859  -11.3753  -19.6848   51.0566    4.0368   -4.1347    1.9249   22.1554  -22.4796   -1.6189   -1.5859   -2.9743   -2.5034    1.1303    0.4442   -4.1347
162.00   43.4924   67.8072   -1.5601  -11.3739  -19.7508   50.9951    4.0464   -4.1447    1.9264   22.2007  -22.6117   -1.6339   -1.5601   -2.9818   -2.5149    1.1347    0.4471   -4.1447
163.00   43.4006   67.5838   -1.5344  -11.3721  -19.8165   50.9324    4.0557   -4.1546    1.9278   22.2449  -22.7436   -1.6489   -1.5344   -2.9892   -2.5262    1.1391    0.4500   -4.1546
164.00   43.3085   67.3612   -1.5086  -11.3701  -19.8818   50.8685    4.0648   -4.1643    1.9291   22.2880  -22.8753   -1.6639   -1.5086   -2.9965   -2.5375    1.1435    0.4528   -4.1643
165.00   43.2162   67.1394   -1.4827  -11.3678  -19.9468   50.8033    4.0738   -4.1738    1.9304   22.3299  -23.0067   -1.6790   -1.4827   -3.0036   -2.5486    1.1478    0.4557   -4.1738
166.00   43.1236   66.9183   -1.4569  -11.3652  -20.0113   50.7370    4.0826   -4.1832    1.9316   22.3707  -23.1379   -1.6940   -1.4569   -3.0106   -2.5597    1.1520    0.4585   -4.1832
167.00   43.0307   66.6981   -1.4310  -11.3624  -20.0755   50.6696    4.0912   -4.1924    1.9327   22.4104  -23.2689   -1.7091   -1.4310   -3.0175   -2.5707    1.1562    0.4613   -4.1924
168.00   42.9377   66.4785   -1.4051  -11.3593  -20.1394   50.6009    4.0996   -4.2014    1.9338   22.4489  -23.3996   -1.7242   -1.4051   -3.0243   -2.5815    1.1603    0.4641   -4.2014
169.00   42.8443   66.2597   -1.3791  -11.3559  -20.2028   50.5312    4.1079   -4.2102    1.9348   22.4864  -23.5301   -1.7393   -1.3791   -3.0309   -2.5923    1.1644    0.4668   -4.2102
170.00   42.7507   66.0416   -1.3531  -11.3522  -20.2659   50.4604    4.1159   -4.2189    1.9357   22.5227  -23.6604   -1.7544   -1.3531   -3.0374   -2.6030    1.1684    0.4696   -4.2189
171.00   42.6569   65.8243   -1.3271  -11.3483  -20.3286   50.3885    4.1238   -4.2275    1.9366   22.5580  -23.7905   -1.7695   -1.3271   -3.0437   -2.6135    1.1724    0.4723   -4.2275
172.00   42.5628   65.6076   -1.3011  -11.3442  -20.3910   50.3155    4.1315   -4.2358    1.9373   22.5921  -23.9203   -1.7846   -1.3011   -3.0500   -2.6240    1.1763    0.4750   -4.2358
173.00   42.4685   65.3916   -1.2751  -11.3397  -20.4529   50.2414    4.1391   -4.2440    1.9381   22.6252  -24.0499   -1.7997   -1.2751   -3.0561   -2.6344    1.1802    0.4777   -4.2440
174.00   42.3740   65.1763   -1.2490  -11.3350  -20.5145   50.1664    4.1464   -4.2520    1.9387   22.6572  -24.1792   -1.8149   -1.2490   -3.0621   -2.6447    1.1841    0.4803   -4.2520
175.00   42.2792   64.9617   -1.2230  -11.3301  -20.5757   50.0903    4.1536   -4.2599    1.9393   22.6881  -24.3083   -1.8300   -1.2230   -3.0679   -2.6549    1.1878    0.4830   -4.2599
176.00   42.1841   64.7478   -1.1969  -11.3249  -20.6365   50.0132    4.1606   -4.2676    1.9398   22.7180  -24.4372   -1.8451   -1.1969   -3.0736   -2.6650    1.1916    0.4856   -4.2676
177.00   42.0889   64.5345   -1.1708  -11.3194  -20.6970   49.9351    4.1675   -4.2752    1.9403   22.7468  -24.5658   -1.8603   -1.1708   -3.0792   -2.6750    1.1952    0.4882   -4.2752
178.00   41.9934   64.3218   -1.1446  -11.3137  -20.7570   49.8560    4.1741   -4.2825    1.9407   22.7745  -24.6942   -1.8754   -1.1446   -3.0847   -2.6849    1.1988    0.4908   -4.2825
179.00   41.8976   64.1098   -1.1185  -11.3077  -20.8167   49.7760    4.1806   -4.2898    1.9410   22.8012  -24.8224   -1.8905   -1.1185   -3.0901   -2.6947    1.2024    0.4933   -4.2898
180.00   41.8017   63.8984   -1.0923  -11.3015  -20.8760   49.6951    4.1869   -4.2968    1.9413   22.8269  -24.9503   -1.9057   -1.0923   -3.0953   -2.7043    1.2059    0.4959   -4.2968
181.00   41.7054   63.6876   -1.0662  -11.2950  -20.9349   49.6132    4.1931   -4.3037    1.9414   22.8515  -25.0780   -1.9208   -1.0662   -3.1004   -2.7139    1.2094    0.4984   -4.3037
182.00   41.6090   63.4774   -1.0400  -11.2883  -20.9934   49.5304    4.1991   -4.3104    1.9416   22.8752  -25.2054   -1.9359   -1.0400   -3.1053   -2.7234    1.2128    0.5009   -4.3104
183.00   41.5123   63.2678   -1.0138  -11.2813  -21.0516   49.4467    4.2049   -4.3170    1.9416   22.8978  -25.3326   -1.9510   -1.0138   -3.1102   -2.7328    1.2162    0.5034   -4.3170
184.00   41.4154   63.0588   -0.9876  -11.2741  -21.1093   49.3622    4.2105   -4.3234    1.9417   22.9193  -25.4595   -1.9661   -0.9876   -3.1149   -2.7421    1.2195    0.5058   -4.3234
185.00   41.3183   62.8504   -0.9614  -11.2666  -21.1667   49.2767    4.2160   -4.3297    1.9416   22.9399  -25.5862   -1.9812   -0.9614   -3.1195   -2.7513    1.2228    0.5083   -4.3297
186.00   41.2210   62.6425   -0.9352  -11.2589  -21.2237   49.1904    4.2213   -4.3357    1.9415   22.9595  -25.7126   -1.9963   -0.9352   -3.1240   -2.7604    1.2260    0.5107   -4.3357
187.00   41.1234   62.4352   -0.9090  -11.2509  -21.2803   49.1033    4.2265   -4.3417    1.9413   22.9781  -25.8388   -2.0114   -0.9090   -3.1284   -2.7694    1.2292    0.5131   -4.3417
188.00   41.0256   62.2285   -0.8828  -11.2426  -21.3364   49.0153    4.2315   -4.3474    1.9411   22.9956  -25.9647   -2.0264   -0.8828   -3.1326   -2.7783    1.2323    0.5154   -4.3474
189.00   40.9276   62.0223   -0.8566  -11.2342  -21.3922   48.9265    4.2363   -4.3531    1.9408   23.0122  -26.0904   -2.0414   -0.8566   -3.1367   -2.7871    1.2354    0.5178   -4.3531
190.00   40.8294   61.8167   -0.8304  -11.2255  -21.4476   48.8369    4.2409   -4.3585    1.9404   23.0279  -26.2158   -2.0565   -0.8304   -3.1407   -2.7958    1.2384    0.5201   -4.3585
191.00   40.7309   61.6116   -0.8041  -11.2165  -21.5026   48.7465    4.2454   -4.3638    1.9400   23.0425  -26.3409   -2.0715   -0.8041   -3.1446   -2.8044    1.2413    0.5224   -4.3638
192.00   40.6323   61.4070   -0.7779  -11.2073  -21.5572   48.6553    4.2497   -4.3689    1.9395   23.0563  -26.4658   -2.0864   -0.7779   -3.1484   -2.8129    1.2443    0.5247   -4.3689
193.00   40.5334   61.2029   -0.7517  -11.1978  -21.6114   48.5633    4.2539   -4.3739    1.9389   23.0690  -26.5904   -2.1014   -0.7517   -3.1520   -2.8213    1.2471    0.5269   -4.3739
194.00   40.4343   60.9994   -0.7255  -11.1882  -21.6652   48.4706    4.2579   -4.3788    1.9383   23.0808  -26.7148   -2.1163   -0.7255   -3.1555   -2.8296    1.2499    0.5292   -4.3788
195.00   40.3350   60.7963   -0.6992  -11.1782  -21.7185   48.3771    4.2617   -4.3834    1.9377   23.0917  -26.8389   -2.1313   -0.6992   -3.1589   -2.8377    1.2527    0.5314   -4.3834
196.00   40.2354   60.5937   -0.6730  -11.1681  -21.7715   48.2829    4.2654   -4.3879    1.9369   23.1016  -26.9627   -2.1461   -0.6730   -3.1622   -2.8458    1.2554    0.5336   -4.3879
197.00   40.1357   60.3917   -0.6468  -11.1576  -21.8241   48.1880    4.2689   -4.3923    1.9362   23.1106  -27.0862   -2.1610   -0.6468   -3.1653   -2.8538    1.2581    0.5357   -4.3923
198.00   40.0358   60.1901   -0.6206  -11.1470  -21.8762   48.0923    4.2723   -4.3965    1.9353   23.1186  -27.2095   -2.1758   -0.6206   -3.1684   -2.8617    1.2607    0.5379   -4.3965
199.00   39.9356   59.9890   -0.5944  -11.1361  -21.9279   47.9960    4.2755   -4.4005    1.9344   23.1258  -27.3325   -2.1906   -0.5944   -3.1713   -2.8694    1.2633    0.5400   -4.4005
200.00   39.8352   59.7883   -0.5682  -11.1250  -21.9793   47.8989    4.2785   -4.4044    1.9335   23.1320  -27.4552   -2.2054   -0.5682   -3.1741   -2.8771    1.2658    0.5421   -4.4044
201.00   39.7347   59.5881   -0.5420  -11.1136  -22.0302   47.8012    4.2814   -4.4082    1.9324   23.1373  -27.5776   -2.2201   -0.5420   -3.1768   -2.8847    1.2683    0.5442   -4.4082
202.00   39.6339   59.3884   -0.5158  -11.1020  -22.0806   47.7027    4.2841   -4.4118    1.9314   23.1418  -27.6998   -2.2348   -0.5158   -3.1794   -2.8921    1.2707    0.5462   -4.4118
203.00   39.5330   59.1891   -0.4896  -11.0902  -22.1307   47.6037    4.2867   -4.4152    1.9302   23.1453  -27.8216   -2.2495   -0.4896   -3.1818   -2.8995    1.2731    0.5482   -4.4152
204.00   39.4318   58.9903   -0.4635  -11.0781  -22.1803   47.5039    4.2891   -4.4185    1.9291   23.1480  -27.9432   -2.2641   -0.4635   -3.1842   -2.9067    1.2754    0.5502   -4.4185
205.00   39.3304   58.7919   -0.4373  -11.0658  -22.2295   47.4035    4.2913   -4.4216    1.9278   23.1497  -28.0645   -2.2787   -0.4373   -3.1864   -2.9139    1.2777    0.5522   -4.4216
206.00   39.2289   58.5940   -0.4112  -11.0533  -22.2783   47.3025    4.2934   -4.4246    1.9265   23.1506  -28.1855   -2.2933   -0.4112   -3.1885   -2.9209    1.2799    0.5542   -4.4246
207.00   39.1271   58.3964   -0.3850  -11.0405  -22.3266   47.2008    4.2954   -4.4274    1.9252   23.1507  -28.3062   -2.3078   -0.3850   -3.1905   -2.9279    1.2821    0.5561   -4.4274
208.00   39.0251   58.1993   -0.3589  -11.0275  -22.3746   47.0985    4.2972   -4.4301    1.9238   23.1498  -28.4265   -2.3223   -0.3589   -3.1923   -2.9347    1.2842    0.5580   -4.4301
209.00   38.9230   58.0026   -0.3328  -11.0143  -22.4220   46.9957    4.2988   -4.4326    1.9223   23.1481  -28.5466   -2.3367   -0.3328   -3.1941   -2.9414    1.2863    0.5599   -4.4326
210.00   38.8207   57.8064   -0.3067  -11.0008  -22.4691   46.8922    4.3003   -4.4349    1.9208   23.1456  -28.6664   -2.3511   -0.3067   -3.1958   -2.9481    1.2883    0.5618   -4.4349
211.00   38.7181   57.6105   -0.2806  -10.9872  -22.5157   46.7881    4.3017   -4.4372    1.9192   23.1422  -28.7859   -2.3654   -0.2806   -3.1973   -2.9546    1.2903    0.5636   -4.4372
212.00   38.6154   57.4150   -0.2546  -10.9732  -22.5618   46.6834    4.3029   -4.4392    1.9176   23.1380  -28.9051   -2.3797   -0.2546   -3.1987   -2.9610    1.2922    0.5654   -4.4392
213.00   38.5125   57.2199   -0.2285  -10.9591  -22.6075   46.5781    4.3039   -4.4411    1.9159   23.1329  -29.0239   -2.3939   -0.2285   -3.2000   -2.9673    1.2941    0.5672   -4.4411
214.00   38.4094   57.0252   -0.2025  -10.9447  -22.6528   46.4723    4.3048   -4.4429    1.9142   23.1271  -29.1425   -2.4081   -0.2025   -3.2012   -2.9735    1.2960    0.5689   -4.4429
215.00   38.3061   56.8309   -0.1765  -10.9301  -22.6976   46.3659    4.3056   -4.4445    1.9124   23.1204  -29.2607   -2.4222   -0.1765   -3.2023   -2.9796    1.2978    0.5707   -4.4445
216.00   38.2027   56.6370   -0.1505  -10.9153  -22.7419   46.2590    4.3062   -4.4460    1.9106   23.1128  -29.3786   -2.4363   -0.1505   -3.2033   -2.9856    1.2995    0.5724   -4.4460
217.00   38.0990   56.4435   -0.1245  -10.9002  -22.7858   46.1515    4.3066   -4.4473    1.9087   23.1045  -29.4962   -2.4503   -0.1245   -3.2041   -2.9914    1.3012    0.5741   -4.4473
218.00   37.9952   56.2503   -0.0985  -10.8850  -22.8293   46.0435    4.3069   -4.4485    1.9067   23.0954  -29.6134   -2.4643   -0.0985   -3.2049   -2.9972    1.3029    0.5758   -4.4485
219.00   37.8912   56.0575   -0.0726  -10.8694  -22.8723   45.9350    4.3071   -4.4495    1.9048   23.0855  -29.7303   -2.4782   -0.0726   -3.2055   -3.0029    1.3045    0.5774   -4.4495
220.00   37.7871   55.8651   -0.0467  -10.8537  -22.9148   45.8259    4.3071   -4.4504    1.9027   23.0748  -29.8469   -2.4921   -0.0467   -3.2060   -3.0084    1.3060    0.5790   -4.4504
221.00   37.6827   55.6730   -0.0208  -10.8378  -22.9568   45.7163    4.3070   -4.4511    1.9006   23.0633  -29.9632   -2.5059   -0.0208   -3.2064   -3.0139    1.3075    0.5806   -4.4511
222.00   37.5782   55.4813    0.0051  -10.8216  -22.9984   45.6063    4.3067   -4.4517    1.8985   23.0510  -30.0791   -2.5196    0.0051   -3.2067   -3.0192    1.3090    0.5822   -4.4517
223.00   37.4735   55.2899    0.0309  -10.8052  -23.0395   45.4957    4.3063   -4.4522    1.8963   23.0380  -30.1947   -2.5332    0.0309   -3.2069   -3.0244    1.3104    0.5837   -4.4522
224.00   37.3686   55.0988    0.0568  -10.7886  -23.0802   45.3846    4.3057   -4.4525    1.8940   23.0242  -30.3099   -2.5468    0.0568   -3.2070   -3.0296    1.3118    0.5852   -4.4525
225.00   37.2636   54.9082    0.0826  -10.7717  -23.1203   45.2730    4.3050   -4.4526    1.8917   23.0096  -30.4247   -2.5604    0.0826   -3.2070   -3.0346    1.3131    0.5867   -4.4526
226.00   37.1584   54.7178    0.1083  -10.7547  -23.1600   45.1610    4.3042   -4.4527    1.8894   22.9943  -30.5393   -2.5738    0.1083   -3.2068   -3.0395    1.3144    0.5882   -4.4527
227.00   37.0530   54.5278    0.1341  -10.7374  -23.1992   45.0485    4.3032   -4.4525    1.8870   22.9782  -30.6534   -2.5872    0.1341   -3.2066   -3.0443    1.3156    0.5896   -4.4525
228.00   36.9475   54.3381    0.1598  -10.7199  -23.2379   44.9355    4.3021   -4.4522    1.8845   22.9614  -30.7672   -2.6005    0.1598   -3.2062   -3.0490    1.3168    0.5910   -4.4522
229.00   36.8418   54.1487    0.1855  -10.7022  -23.2761   44.8221    4.3008   -4.4518    1.8820   22.9439  -30.8806   -2.6138    0.1855   -3.2058   -3.0536    1.3179    0.5924   -4.4518
230.00   36.7359   53.9597    0.2112  -10.6843  -23.3139   44.7082    4.2994   -4.4513    1.8795   22.9256  -30.9937   -2.6270    0.2112   -3.2052   -3.0581    1.3190    0.5938   -4.4513
231.00   36.6299   53.7710    0.2369  -10.6661  -23.3511   44.5938    4.2979   -4.4506    1.8769   22.9066  -31.1064   -2.6401    0.2369   -3.2045   -3.0624    1.3200    0.5951   -4.4506
232.00   36.5237   53.5826    0.2625  -10.6478  -23.3878   44.4791    4.2962   -4.4497    1.8743   22.8869  -31.2187   -2.6531    0.2625   -3.2038   -3.0667    1.3210    0.5964   -4.4497
233.00   36.4174   53.3945    0.2881  -10.6292  -23.4241   44.3639    4.2944   -4.4487    1.8716   22.8665  -31.3307   -2.6661    0.2881   -3.2029   -3.0708    1.3220    0.5977   -4.4487
234.00   36.3109   53.2067    0.3136  -10.6104  -23.4598   44.2482    4.2924   -4.4476    1.8688   22.8453  -31.4422   -2.6789    0.3136   -3.2019   -3.0749    1.3229    0.5990   -4.4476
235.00   36.2043   53.0192    0.3392  -10.5914  -23.4950   44.1322    4.2904   -4.4463    1.8660   22.8235  -31.5534   -2.6917    0.3392   -3.2008   -3.0788    1.3238    0.6002   -4.4463
236.00   36.0975   52.8321    0.3647  -10.5722  -23.5297   44.0157    4.2881   -4.4449    1.8632   22.8009  -31.6642   -2.7044    0.3647   -3.1996   -3.0826    1.3246    0.6014   -4.4449
237.00   35.9905   52.6452    0.3901  -10.5527  -23.5639   43.8988    4.2858   -4.4434    1.8603   22.7777  -31.7745   -2.7171    0.3901   -3.1982   -3.0863    1.3253    0.6026   -4.4434
238.00   35.8835   52.4586    0.4156  -10.5331  -23.5976   43.7816    4.2833   -4.4417    1.8574   22.7538  -31.8845   -2.7296    0.4156   -3.1968   -3.0899    1.3261    0.6038   -4.4417
239.00   35.7762   52.2724    0.4410  -10.5132  -23.6308   43.6639    4.2807   -4.4399    1.8544   22.7292  -31.9941   -2.7421    0.4410   -3.1953   -3.0934    1.3267    0.6049   -4.4399
240.00   35.6688   52.0864    0.4664  -10.4932  -23.6635   43.5458    4.2780   -4.4379    1.8514   22.7039  -32.1033   -2.7544    0.4664   -3.1937   -3.0968    1.3274    0.6060   -4.4379
241.00   35.5613   51.9007    0.4917  -10.4729  -23.6956   43.4274    4.2751   -4.4358    1.8484   22.6780  -32.2120   -2.7667    0.4917   -3.1920   -3.1001    1.3280    0.6071   -4.4358
242.00   35.4536   51.7153    0.5170  -10.4524  -23.7272   43.3086    4.2721   -4.4336    1.8453   22.6514  -32.3204   -2.7789    0.5170   -3.1901   -3.1032    1.3285    0.6082   -4.4336
243.00   35.3458   51.5301    0.5423  -10.4317  -23.7582   43.1894    4.2689   -4.4312    1.8421   22.6241  -32.4283   -2.7910    0.5423   -3.1882   -3.1063    1.3290    0.6092   -4.4312
244.00   35.2379   51.3453    0.5675  -10.4108  -23.7888   43.0698    4.2657   -4.4287    1.8389   22.5962  -32.5358   -2.8030    0.5675   -3.1861   -3.1092    1.3295    0.6102   -4.4287
245.00   35.1298   51.1607    0.5927  -10.3897  -23.8188   42.9499    4.2623   -4.4261    1.8357   22.5676  -32.6429   -2.8150    0.5927   -3.1840   -3.1120    1.3299    0.6112   -4.4261
246.00   35.0216   50.9764    0.6179  -10.3684  -23.8482   42.8296    4.2587   -4.4233    1.8324   22.5384  -32.7495   -2.8268    0.6179   -3.1818   -3.1148    1.3303    0.6122   -4.4233
247.00   34.9132   50.7924    0.6431  -10.3469  -23.8771   42.7090    4.2551   -4.4204    1.8291   22.5086  -32.8557   -2.8385    0.6431   -3.1794   -3.1174    1.3306    0.6131   -4.4204
248.00   34.8048   50.6086    0.6682  -10.3252  -23.9055   42.5880    4.2513   -4.4173    1.8257   22.4781  -32.9614   -2.8501    0.6682   -3.1770   -3.1199    1.3309    0.6140   -4.4173
249.00   34.6961   50.4251    0.6932  -10.3033  -23.9333   42.4667    4.2474   -4.4142    1.8223   22.4470  -33.0667   -2.8617    0.6932   -3.1744   -3.1223    1.3311    0.6149   -4.4142
250.00   34.5874   50.2419    0.7182  -10.2812  -23.9605   42.3450    4.2434   -4.4108    1.8188   22.4153  -33.1716   -2.8731    0.7182   -3.1718   -3.1245    1.3313    0.6158   -4.4108
251.00   34.4785   50.0589    0.7432  -10.2588  -23.9872   42.2231    4.2392   -4.4074    1.8153   22.3830  -33.2760   -2.8845    0.7432   -3.1690   -3.1267    1.3314    0.6166   -4.4074
252.00   34.3695   49.8762    0.7682  -10.2363  -24.0134   42.1008    4.2350   -4.4038    1.8118   22.3500  -33.3799   -2.8957    0.7682   -3.1662   -3.1288    1.3315    0.6174   -4.4038
253.00   34.2604   49.6938    0.7931  -10.2136  -24.0389   41.9781    4.2306   -4.4001    1.8082   22.3165  -33.4834   -2.9068    0.7931   -3.1632   -3.1307    1.3316    0.6182   -4.4001
254.00   34.1512   49.5116    0.8180  -10.1907  -24.0639   41.8552    4.2260   -4.3963    1.8045   22.2823  -33.5864   -2.9178    0.8180   -3.1602   -3.1325    1.3316    0.6189   -4.3963
255.00   34.0418   49.3296    0.8428  -10.1676  -24.0884   41.7320    4.2214   -4.3923    1.8009   22.2476  -33.6889   -2.9288    0.8428   -3.1571   -3.1343    1.3316    0.6196   -4.3923
256.00   33.9324   49.1479    0.8676  -10.1442  -24.1122   41.6084    4.2166   -4.3882    1.7972   22.2123  -33.7909   -2.9396    0.8676   -3.1538   -3.1359    1.3315    0.6203   -4.3882
257.00   33.8228   48.9665    0.8923  -10.1207  -24.1355   41.4846    4.2117   -4.3840    1.7934   22.1764  -33.8925   -2.9503    0.8923   -3.1505   -3.1374    1.3314    0.6210   -4.3840
258.00   33.7131   48.7853    0.9171  -10.0970  -24.1582   41.3604    4.2067   -4.3796    1.7896   22.1399  -33.9935   -2.9609    0.9171   -3.1471   -3.1388    1.3313    0.6217   -4.3796
259.00   33.6033   48.6044    0.9417  -10.0731  -24.1803   41.2360    4.2016   -4.3751    1.7858   22.1029  -34.0941   -2.9714    0.9417   -3.1435   -3.1400    1.3311    0.6223   -4.3751
260.00   33.4933   48.4237    0.9663  -10.0490  -24.2019   41.1113    4.1964   -4.3705    1.7819   22.0652  -34.1942   -2.9818    0.9663   -3.1399   -3.1412    1.3309    0.6229   -4.3705
261.00   33.3833   48.2432    0.9909  -10.0248  -24.2228   40.9863    4.1910   -4.3658    1.7780   22.0271  -34.2937   -2.9920    0.9909   -3.1362   -3.1423    1.3306    0.6235   -4.3658
262.00   33.2731   48.0630    1.0155  -10.0003  -24.2431   40.8610    4.1856   -4.3609    1.7741   21.9883  -34.3927   -3.0022    1.0155   -3.1323   -3.1432    1.3303    0.6240   -4.3609
263.00   33.1629   47.8830    1.0400   -9.9756  -24.2629   40.7355    4.1800   -4.3560    1.7701   21.9490  -34.4913   -3.0122    1.0400   -3.1284   -3.1441    1.3299    0.6245   -4.3560
264.00   33.0525   47.7033    1.0644   -9.9508  -24.2820   40.6097    4.1743   -4.3508    1.7660   21.9092  -34.5893   -3.0221    1.0644   -3.1244   -3.1448    1.3295    0.6250   -4.3508
265.00   32.9421   47.5238    1.0888   -9.9257  -24.3006   40.4836    4.1684   -4.3456    1.7620   21.8688  -34.6867   -3.0319    1.0888   -3.1203   -3.1454    1.3291    0.6255   -4.3456
266.00   32.8315   47.3445    1.1132   -9.9005  -24.3185   40.3573    4.1625   -4.3402    1.7579   21.8279  -34.7837   -3.0416    1.1132   -3.1161   -3.1459    1.3286    0.6260   -4.3402
267.00   32.7209   47.1655    1.1375   -9.8751  -24.3358   40.2307    4.1565   -4.3348    1.7537   21.7865  -34.8800   -3.0512    1.1375   -3.1118   -3.1463    1.3281    0.6264   -4.3348
268.00   32.6101   46.9867    1.1618   -9.8495  -24.3525   40.1038    4.1503   -4.3291    1.7495   21.7445  -34.9759   -3.0606    1.1618   -3.1075   -3.1466    1.3275    0.6268   -4.3291
269.00   32.4993   46.8081    1.1860   -9.8237  -24.3686   39.9768    4.1440   -4.3234    1.7453   21.7020  -35.0712   -3.0699    1.1860   -3.1030   -3.1468    1.3269    0.6271   -4.3234
270.00   32.3884   46.6297    1.2102   -9.7977  -24.3841   39.8495    4.1377   -4.3176    1.7410   21.6590  -35.1659   -3.0791    1.2102   -3.0984   -3.1468    1.3262    0.6275   -4.3176
271.00   32.2773   46.4516    1.2343   -9.7716  -24.3989   39.7219    4.1312   -4.3116    1.7368   21.6155  -35.2601   -3.0882    1.2343   -3.0938   -3.1468    1.3256    0.6278   -4.3116
272.00   32.1662   46.2737    1.2584   -9.7452  -24.4131   39.5941    4.1246   -4.3055    1.7324   21.5715  -35.3536   -3.0972    1.2584   -3.0890   -3.1466    1.3248    0.6281   -4.3055
273.00   32.0550   46.0961    1.2824   -9.7187  -24.4267   39.4661    4.1179   -4.2993    1.7281   21.5270  -35.4467   -3.1060    1.2824   -3.0842   -3.1464    1.3241    0.6284   -4.2993
274.00   31.9437   45.9186    1.3064   -9.6920  -24.4396   39.3379    4.1110   -4.2930    1.7237   21.4820  -35.5391   -3.1147    1.3064   -3.0792   -3.1460    1.3233    0.6286   -4.2930
275.00   31.8324   45.7414    1.3304   -9.6652  -24.4520   39.2095    4.1041   -4.2865    1.7192   21.4365  -35.6309   -3.1233    1.3304   -3.0742   -3.1455    1.3224    0.6288   -4.2865
276.00   31.7209   45.5644    1.3543   -9.6381  -24.4636   39.0808    4.0971   -4.2799    1.7147   21.3905  -35.7222   -3.1317    1.3543   -3.0691   -3.1449    1.3215    0.6290   -4.2799
277.00   31.6094   45.3876    1.3781   -9.6109  -24.4746   38.9520    4.0900   -4.2732    1.7102   21.3440  -35.8128   -3.1400    1.3781   -3.0639   -3.1442    1.3206    0.6292   -4.2732
278.00   31.4978   45.2111    1.4019   -9.5835  -24.4850   38.8229    4.0827   -4.2664    1.7057   21.2971  -35.9029   -3.1482    1.4019   -3.0586   -3.1434    1.3197    0.6293   -4.2664
279.00   31.3861   45.0347    1.4256   -9.5560  -24.4947   38.6936    4.0754   -4.2595    1.7011   21.2497  -35.9923   -3.1563    1.4256   -3.0532   -3.1425    1.3186    0.6294   -4.2595
280.00   31.2743   44.8586    1.4493   -9.5282  -24.5038   38.5642    4.0679   -4.2525    1.6965   21.2018  -36.0811   -3.1642    1.4493   -3.0478   -3.1415    1.3176    0.6295   -4.2525
281.00   31.1625   44.6827    1.4729   -9.5003  -24.5122   38.4345    4.0604   -4.2454    1.6919   21.1535  -36.1693   -3.1720    1.4729   -3.0422   -3.1403    1.3165    0.6296   -4.2454
282.00   31.0506   44.5070    1.4965   -9.4722  -24.5199   38.3046    4.0527   -4.2381    1.6872   21.1047  -36.2568   -3.1796    1.4965   -3.0366   -3.1391    1.3154    0.6297   -4.2381
283.00   30.9386   44.3315    1.5200   -9.4440  -24.5270   38.1746    4.0450   -4.2307    1.6825   21.0554  -36.3437   -3.1871    1.5200   -3.0309   -3.1377    1.3143    0.6297   -4.2307
284.00   30.8266   44.1562    1.5435   -9.4156  -24.5334   38.0444    4.0371   -4.2232    1.6777   21.0057  -36.4300   -3.1945    1.5435   -3.0251   -3.1362    1.3131    0.6297   -4.2232
285.00   30.7145   43.9812    1.5669   -9.3870  -24.5392   37.9140    4.0291   -4.2156    1.6729   20.9556  -36.5156   -3.2018    1.5669   -3.0192   -3.1347    1.3118    0.6296   -4.2156
286.00   30.6023   43.8064    1.5903   -9.3583  -24.5442   37.7834    4.0211   -4.2079    1.6681   20.9050  -36.6005   -3.2089    1.5903   -3.0132   -3.1330    1.3106    0.6296   -4.2079
287.00   30.4901   43.6317    1.6136   -9.3294  -24.5486   37.6527    4.0129   -4.2001    1.6633   20.8540  -36.6848   -3.2158    1.6136   -3.0072   -3.1312    1.3093    0.6295   -4.2001
288.00   30.3778   43.4573    1.6369   -9.3003  -24.5523   37.5218    4.0047   -4.1922    1.6584   20.8025  -36.7684   -3.2227    1.6369   -3.0010   -3.1293    1.3079    0.6294   -4.1922
289.00   30.2655   43.2831    1.6601   -9.2711  -24.5553   37.3908    3.9963   -4.1841    1.6535   20.7507  -36.8513   -3.2293    1.6601   -2.9948   -3.1273    1.3065    0.6293   -4.1841
290.00   30.1531   43.1091    1.6832   -9.2417  -24.5576   37.2595    3.9879   -4.1760    1.6486   20.6984  -36.9336   -3.2359    1.6832   -2.9885   -3.1252    1.3051    0.6291   -4.1760
291.00   30.0407   42.9353    1.7063   -9.2122  -24.5593   37.1282    3.9794   -4.1677    1.6436   20.6457  -37.0151   -3.2423    1.7063   -2.9821   -3.1230    1.3036    0.6289   -4.1677
292.00   29.9282   42.7617    1.7293   -9.1825  -24.5602   36.9966    3.9707   -4.1594    1.6386   20.5926  -37.0959   -3.2486    1.7293   -2.9756   -3.1206    1.3022    0.6287   -4.1594
293.00   29.8156   42.5884    1.7523   -9.1526  -24.5604   36.8650    3.9620   -4.1509    1.6336   20.5391  -37.1760   -3.2547    1.7523   -2.9691   -3.1182    1.3006    0.6285   -4.1509
294.00   29.7030   42.4152    1.7752   -9.1226  -24.5600   36.7332    3.9532   -4.1423    1.6285   20.4852  -37.2554   -3.2606    1.7752   -2.9625   -3.1157    1.2991    0.6282   -4.1423
295.00   29.5904   42.2423    1.7981   -9.0925  -24.5588   36.6012    3.9443   -4.1337    1.6235   20.4309  -37.3341   -3.2665    1.7981   -2.9558   -3.1130    1.2975    0.6280   -4.1337
296.00   29.4777   42.0695    1.8209   -9.0622  -24.5570   36.4692    3.9353   -4.1249    1.6183   20.3762  -37.4120   -3.2722    1.8209   -2.9490   -3.1103    1.2958    0.6277   -4.1249
297.00   29.3650   41.8970    1.8436   -9.0317  -24.5544   36.3369    3.9262   -4.1160    1.6132   20.3211  -37.4892   -3.2777    1.8436   -2.9421   -3.1074    1.2941    0.6274   -4.1160
298.00   29.2523   41.7246    1.8663   -9.0011  -24.5511   36.2046    3.9170   -4.1070    1.6080   20.2657  -37.5657   -3.2831    1.8663   -2.9352   -3.1045    1.2924    0.6270   -4.1070
299.00   29.1395   41.5525    1.8889   -8.9704  -24.5471   36.0721    3.9077   -4.0979    1.6028   20.2099  -37.6414   -3.2883    1.8889   -2.9281   -3.1014    1.2907    0.6266   -4.0979
300.00   29.0267   41.3806    1.9114   -8.9395  -24.5423   35.9396    3.8983   -4.0887    1.5976   20.1537  -37.7163   -3.2934    1.9114   -2.9211   -3.0982    1.2889    0.6262   -4.0887
301.00   28.9138   41.2089    1.9339   -8.9085  -24.5369   35.8069    3.8889   -4.0794    1.5924   20.0971  -37.7905   -3.2984    1.9339   -2.9139   -3.0950    1.2871    0.6258   -4.0794
302.00   28.8009   41.0373    1.9563   -8.8773  -24.5307   35.6740    3.8794   -4.0700    1.5871   20.0401  -37.8639   -3.3032    1.9563   -2.9066   -3.0916    1.2853    0.6254   -4.0700
303.00   28.6880   40.8660    1.9787   -8.8460  -24.5238   35.5411    3.8697   -4.0605    1.5818   19.9829  -37.9365   -3.3078    1.9787   -2.8993   -3.0881    1.2834    0.6249   -4.0605
304.00   28.5751   40.6949    2.0010   -8.8145  -24.5162   35.4081    3.8600   -4.0510    1.5764   19.9252  -38.0083   -3.3123    2.0010   -2.8919   -3.0845    1.2814    0.6244   -4.0510
305.00   28.4621   40.5240    2.0232   -8.7829  -24.5078   35.2750    3.8502   -4.0413    1.5711   19.8672  -38.0792   -3.3166    2.0232   -2.8844   -3.0808    1.2795    0.6239   -4.0413
306.00   28.3491   40.3534    2.0454   -8.7512  -24.4987   35.1418    3.8404   -4.0315    1.5657   19.8089  -38.1494   -3.3208    2.0454   -2.8769   -3.0770    1.2775    0.6234   -4.0315
307.00   28.2361   40.1829    2.0675   -8.7193  -24.4889   35.0084    3.8304   -4.0216    1.5603   19.7502  -38.2188   -3.3249    2.0675   -2.8693   -3.0731    1.2755    0.6228   -4.0216
308.00   28.1231   40.0126    2.0896   -8.6874  -24.4783   34.8750    3.8204   -4.0116    1.5549   19.6912  -38.2873   -3.3287    2.0896   -2.8616   -3.0691    1.2734    0.6222   -4.0116
309.00   28.0100   39.8425    2.1115   -8.6552  -24.4669   34.7415    3.8102   -4.0016    1.5494   19.6318  -38.3550   -3.3325    2.1115   -2.8539   -3.0650    1.2713    0.6216   -4.0016
310.00   27.8970   39.6726    2.1334   -8.6230  -24.4549   34.6079    3.8000   -3.9914    1.5439   19.5721  -38.4219   -3.3360    2.1334   -2.8460   -3.0608    1.2692    0.6210   -3.9914
311.00   27.7839   39.5030    2.1553   -8.5906  -24.4420   34.4743    3.7897   -3.9812    1.5384   19.5121  -38.4879   -3.3395    2.1553   -2.8381   -3.0565    1.2671    0.6204   -3.9812
312.00   27.6708   39.3335    2.1770   -8.5581  -24.4285   34.3405    3.7794   -3.9708    1.5329   19.4518  -38.5530   -3.3427    2.1770   -2.8302   -3.0521    1.2649    0.6197   -3.9708
313.00   27.5578   39.1642    2.1987   -8.5255  -24.4141   34.2067    3.7689   -3.9604    1.5273   19.3912  -38.6173   -3.3458    2.1987   -2.8221   -3.0476    1.2627    0.6190   -3.9604
314.00   27.4447   38.9952    2.2204   -8.4927  -24.3990   34.0728    3.7584   -3.9499    1.5217   19.3302  -38.6806   -3.3488    2.2204   -2.8140   -3.0430    1.2604    0.6183   -3.9499
315.00   27.3316   38.8263    2.2419   -8.4599  -24.3832   33.9389    3.7478   -3.9392    1.5161   19.2690  -38.7431   -3.3516    2.2419   -2.8059   -3.0383    1.2581    0.6175   -3.9392
316.00   27.2185   38.6577    2.2634   -8.4269  -24.3666   33.8049    3.7372   -3.9285    1.5105   19.2074  -38.8047   -3.3542    2.2634   -2.7976   -3.0335    1.2558    0.6168   -3.9285
317.00   27.1054   38.4893    2.2848   -8.3938  -24.3492   33.6708    3.7264   -3.9177    1.5049   19.1456  -38.8654   -3.3567    2.2848   -2.7893   -3.0286    1.2535    0.6160   -3.9177
318.00   26.9923   38.3210    2.3062   -8.3606  -24.3311   33.5366    3.7156   -3.9069    1.4992   19.0834  -38.9252   -3.3590    2.3062   -2.7809   -3.0237    1.2511    0.6152   -3.9069
319.00   26.8792   38.1530    2.3275   -8.3272  -24.3122   33.4025    3.7047   -3.8959    1.4935   19.0210  -38.9841   -3.3612    2.3275   -2.7725   -3.0186    1.2487    0.6144   -3.8959
320.00   26.7661   37.9852    2.3486   -8.2938  -24.2925   33.2682    3.6937   -3.8848    1.4878   18.9583  -39.0420   -3.3632    2.3486   -2.7640   -3.0134    1.2462    0.6135   -3.8848
321.00   26.6531   37.8176    2.3698   -8.2602  -24.2720   33.1339    3.6827   -3.8737    1.4821   18.8953  -39.0990   -3.3651    2.3698   -2.7554   -3.0081    1.2438    0.6126   -3.8737
322.00   26.5400   37.6502    2.3908   -8.2266  -24.2508   32.9996    3.6716   -3.8625    1.4763   18.8320  -39.1550   -3.3668    2.3908   -2.7468   -3.0027    1.2412    0.6118   -3.8625
323.00   26.4270   37.4830    2.4118   -8.1928  -24.2288   32.8652    3.6604   -3.8512    1.4706   18.7685  -39.2100   -3.3683    2.4118   -2.7381   -2.9972    1.2387    0.6108   -3.8512
324.00   26.3139   37.3160    2.4327   -8.1589  -24.2061   32.7308    3.6492   -3.8398    1.4648   18.7046  -39.2641   -3.3697    2.4327   -2.7294   -2.9917    1.2361    0.6099   -3.8398
325.00   26.2009   37.1492    2.4535   -8.1249  -24.1825   32.5964    3.6378   -3.8283    1.4590   18.6406  -39.3172   -3.3709    2.4535   -2.7206   -2.9860    1.2335    0.6090   -3.8283
326.00   26.0880   36.9827    2.4742   -8.0908  -24.1582   32.4619    3.6265   -3.8168    1.4531   18.5762  -39.3694   -3.3719    2.4742   -2.7117   -2.9802    1.2309    0.6080   -3.8168
327.00   25.9750   36.8163    2.4949   -8.0567  -24.1330   32.3274    3.6150   -3.8052    1.4473   18.5116  -39.4205   -3.3728    2.4949   -2.7028   -2.9744    1.2283    0.6070   -3.8052
328.00   25.8620   36.6501    2.5155   -8.0224  -24.1071   32.1929    3.6035   -3.7935    1.4414   18.4468  -39.4706   -3.3736    2.5155   -2.6938   -2.9684    1.2256    0.6060   -3.7935
329.00   25.7491   36.4842    2.5360   -7.9880  -24.0804   32.0584    3.5919   -3.7817    1.4356   18.3817  -39.5197   -3.3742    2.5360   -2.6847   -2.9624    1.2229    0.6049   -3.7817
330.00   25.6362   36.3185    2.5564   -7.9535  -24.0530   31.9238    3.5802   -3.7698    1.4297   18.3164  -39.5678   -3.3746    2.5564   -2.6756   -2.9562    1.2201    0.6039   -3.7698
331.00   25.5234   36.1529    2.5768   -7.9190  -24.0247   31.7893    3.5685   -3.7579    1.4237   18.2508  -39.6148   -3.3748    2.5768   -2.6665   -2.9500    1.2173    0.6028   -3.7579
332.00   25.4106   35.9876    2.5970   -7.8843  -23.9956   31.6547    3.5568   -3.7459    1.4178   18.1850  -39.6608   -3.3749    2.5970   -2.6573   -2.9437    1.2145    0.6017   -3.7459
333.00   25.2978   35.8225    2.6172   -7.8496  -23.9658   31.5201    3.5449   -3.7338    1.4119   18.1190  -39.7057   -3.3749    2.6172   -2.6480   -2.9373    1.2117    0.6006   -3.7338
334.00   25.1850   35.6577    2.6373   -7.8148  -23.9352   31.3855    3.5330   -3.7216    1.4059   18.0527  -39.7496   -3.3746    2.6373   -2.6387   -2.9308    1.2089    0.5994   -3.7216
335.00   25.0723   35.4930    2.6573   -7.7799  -23.9037   31.2509    3.5211   -3.7094    1.3999   17.9862  -39.7924   -3.3743    2.6573   -2.6293   -2.9242    1.2060    0.5983   -3.7094
336.00   24.9596   35.3285    2.6772   -7.7449  -23.8715   31.1163    3.5090   -3.6971    1.3939   17.9195  -39.8341   -3.3737    2.6772   -2.6199   -2.9175    1.2031    0.5971   -3.6971
337.00   24.8470   35.1643    2.6970   -7.7098  -23.8385   30.9817    3.4970   -3.6847    1.3879   17.8526  -39.8747   -3.3730    2.6970   -2.6104   -2.9108    1.2001    0.5959   -3.6847
338.00   24.7344   35.0003    2.7168   -7.6746  -23.8047   30.8472    3.4848   -3.6723    1.3819   17.7855  -39.9142   -3.3721    2.7168   -2.6008   -2.9039    1.1971    0.5947   -3.6723
339.00   24.6219   34.8365    2.7364   -7.6394  -23.7700   30.7126    3.4726   -3.6598    1.3759   17.7182  -39.9526   -3.3711    2.7364   -2.5912   -2.8970    1.1941    0.5934   -3.6598
340.00   24.5094   34.6729    2.7560   -7.6041  -23.7346   30.5781    3.4604   -3.6472    1.3698   17.6506  -39.9898   -3.3699    2.7560   -2.5816   -2.8899    1.1911    0.5922   -3.6472
341.00   24.3970   34.5095    2.7755   -7.5687  -23.6984   30.4435    3.4481   -3.6346    1.3637   17.5829  -40.0259   -3.3686    2.7755   -2.5719   -2.8828    1.1881    0.5909   -3.6346
342.00   24.2846   34.3464    2.7949   -7.5333  -23.6614   30.3090    3.4357   -3.6218    1.3577   17.5150  -40.0609   -3.3671    2.7949   -2.5622   -2.8756    1.1850    0.5896   -3.6218
343.00   24.1723   34.1834    2.8142   -7.4978  -23.6236   30.1745    3.4233   -3.6091    1.3516   17.4469  -40.0947   -3.3654    2.8142   -2.5524   -2.8683    1.1819    0.5883   -3.6091
344.00   24.0601   34.0207    2.8333   -7.4622  -23.5850   30.0401    3.4108   -3.5962    1.3455   17.3786  -40.1273   -3.3636    2.8333   -2.5426   -2.8610    1.1788    0.5870   -3.5962
345.00   23.9479   33.8582    2.8525   -7.4265  -23.5456   29.9056    3.3983   -3.5833    1.3393   17.3101  -40.1588   -3.3616    2.8525   -2.5327   -2.8535    1.1756    0.5856   -3.5833
346.00   23.8357   33.6960    2.8715   -7.3908  -23.5054   29.7713    3.3857   -3.5703    1.3332   17.2414  -40.1890   -3.3595    2.8715   -2.5228   -2.8460    1.1724    0.5842   -3.5703
347.00   23.7237   33.5339    2.8904   -7.3551  -23.4644   29.6369    3.3731   -3.5573    1.3271   17.1726  -40.2181   -3.3572    2.8904   -2.5128   -2.8384    1.1692    0.5828   -3.5573
348.00   23.6117   33.3721    2.9092   -7.3192  -23.4226   29.5026    3.3604   -3.5442    1.3209   17.1036  -40.2459   -3.3547    2.9092   -2.5028   -2.8307    1.1660    0.5814   -3.5442
349.00   23.4998   33.2105    2.9279   -7.2833  -23.3800   29.3683    3.3477   -3.5310    1.3147   17.0344  -40.2726   -3.3521    2.9279   -2.4927   -2.8229    1.1627    0.5800   -3.5310
350.00   23.3879   33.0492    2.9465   -7.2474  -23.3366   29.2341    3.3349   -3.5178    1.3086   16.9650  -40.2980   -3.3493    2.9465   -2.4826   -2.8150    1.1594    0.5786   -3.5178
